low temperature opacities from Freedman (2011) and Ferguson, Alexander, et al (2005) with gs98 metals
    form     version        X           Z          logRs    logR_min    logR_max       logTs    logT_min    logT_max
       1          37    0.000000    0.020000          86   -8.000000    9.000000         125    1.880000    4.500000

   logT                       logR = logRho - 3*logT + 18
          -8.000  -7.800  -7.600  -7.400  -7.200  -7.000  -6.800  -6.600  -6.400  -6.200  -6.000  -5.800  -5.600  -5.400  -5.200  -5.000  -4.800  -4.600  -4.400  -4.200  -4.000  -3.800  -3.600  -3.400  -3.200  -3.000  -2.800  -2.600  -2.400  -2.200  -2.000  -1.800  -1.600  -1.400  -1.200  -1.000  -0.800  -0.600  -0.400  -0.200   0.000   0.200   0.400   0.600   0.800   1.000   1.200   1.400   1.600   1.800   2.000   2.200   2.400   2.600   2.800   3.000   3.200   3.400   3.600   3.800   4.000   4.200   4.400   4.600   4.800   5.000   5.200   5.400   5.600   5.800   6.000   6.200   6.400   6.600   6.800   7.000   7.200   7.400   7.600   7.800   8.000   8.200   8.400   8.600   8.800   9.000

   1.880  -7.981  -7.981  -7.981  -7.981  -7.981  -7.981  -7.981  -7.981  -7.981  -7.981  -7.981  -7.981  -7.981  -7.981  -7.981  -7.981  -7.981  -7.981  -7.981  -7.981  -7.981  -7.981  -7.981  -7.981  -7.981  -7.981  -7.981  -7.981  -7.981  -7.981  -7.981  -7.981  -7.981  -7.981  -7.981  -7.981  -7.981  -7.981  -7.981  -7.981  -7.981  -7.981  -7.981  -7.981  -7.981  -7.981  -7.981  -7.981  -7.981  -7.981  -7.981  -7.981  -7.981  -7.981  -7.983  -7.911  -7.713  -7.514  -7.315  -7.116  -6.919  -6.723  -6.527  -6.330  -6.133  -5.936  -5.738  -5.539  -5.339  -5.139  -4.939  -4.739  -4.539  -4.338  -4.138  -3.937  -3.737  -3.537  -3.336  -3.136  -2.936  -2.736  -2.536  -2.335  -2.135  -1.935
   2.000  -7.687  -7.687  -7.687  -7.687  -7.687  -7.687  -7.687  -7.687  -7.687  -7.687  -7.687  -7.687  -7.687  -7.687  -7.687  -7.687  -7.687  -7.687  -7.687  -7.687  -7.687  -7.687  -7.687  -7.687  -7.687  -7.687  -7.687  -7.687  -7.687  -7.687  -7.687  -7.687  -7.687  -7.687  -7.687  -7.687  -7.687  -7.687  -7.687  -7.687  -7.687  -7.687  -7.687  -7.687  -7.687  -7.687  -7.687  -7.687  -7.687  -7.687  -7.687  -7.687  -7.687  -7.539  -7.341  -7.141  -6.939  -6.740  -6.555  -6.378  -6.199  -6.018  -5.837  -5.655  -5.471  -5.287  -5.101  -4.913  -4.723  -4.532  -4.340  -4.146  -3.951  -3.756  -3.560  -3.364  -3.167  -2.969  -2.772  -2.574  -2.376  -2.177  -1.978  -1.779  -1.579  -1.379
   2.040  -7.655  -7.655  -7.655  -7.655  -7.655  -7.655  -7.655  -7.655  -7.655  -7.655  -7.655  -7.655  -7.655  -7.655  -7.655  -7.655  -7.655  -7.655  -7.655  -7.655  -7.655  -7.655  -7.655  -7.655  -7.655  -7.655  -7.655  -7.655  -7.655  -7.655  -7.655  -7.655  -7.655  -7.655  -7.655  -7.655  -7.655  -7.655  -7.655  -7.655  -7.655  -7.655  -7.655  -7.655  -7.655  -7.655  -7.655  -7.655  -7.655  -7.655  -7.655  -7.655  -7.546  -7.346  -7.146  -6.945  -6.744  -6.543  -6.343  -6.143  -5.945  -5.748  -5.549  -5.350  -5.158  -4.977  -4.801  -4.622  -4.442  -4.261  -4.078  -3.895  -3.709  -3.522  -3.334  -3.144  -2.952  -2.759  -2.566  -2.371  -2.177  -1.981  -1.785  -1.588  -1.390  -1.191
   2.080  -7.613  -7.613  -7.613  -7.613  -7.613  -7.613  -7.613  -7.613  -7.613  -7.613  -7.613  -7.613  -7.613  -7.613  -7.613  -7.613  -7.613  -7.613  -7.613  -7.613  -7.613  -7.613  -7.613  -7.613  -7.613  -7.613  -7.613  -7.613  -7.613  -7.613  -7.613  -7.613  -7.613  -7.613  -7.613  -7.613  -7.613  -7.613  -7.613  -7.613  -7.613  -7.613  -7.613  -7.613  -7.613  -7.613  -7.613  -7.613  -7.613  -7.613  -7.613  -7.544  -7.346  -7.148  -6.950  -6.753  -6.555  -6.356  -6.156  -5.954  -5.751  -5.551  -5.354  -5.157  -4.957  -4.756  -4.554  -4.347  -4.146  -3.960  -3.782  -3.604  -3.425  -3.245  -3.065  -2.885  -2.703  -2.520  -2.335  -2.149  -1.961  -1.772  -1.581  -1.390  -1.196  -1.002
   2.110  -7.562  -7.562  -7.562  -7.562  -7.562  -7.562  -7.562  -7.562  -7.562  -7.562  -7.562  -7.562  -7.562  -7.562  -7.562  -7.562  -7.562  -7.562  -7.562  -7.562  -7.562  -7.562  -7.562  -7.562  -7.562  -7.562  -7.562  -7.562  -7.562  -7.562  -7.562  -7.562  -7.562  -7.562  -7.562  -7.562  -7.562  -7.562  -7.562  -7.562  -7.562  -7.562  -7.562  -7.562  -7.562  -7.562  -7.562  -7.562  -7.562  -7.562  -7.563  -7.381  -7.188  -6.994  -6.797  -6.600  -6.403  -6.205  -6.008  -5.812  -5.615  -5.416  -5.217  -5.017  -4.816  -4.615  -4.412  -4.208  -4.007  -3.809  -3.612  -3.412  -3.213  -3.025  -2.846  -2.670  -2.493  -2.316  -2.138  -1.959  -1.778  -1.597  -1.414  -1.230  -1.044  -0.856
   2.150  -7.406  -7.406  -7.406  -7.406  -7.406  -7.406  -7.406  -7.406  -7.406  -7.406  -7.406  -7.406  -7.406  -7.406  -7.406  -7.406  -7.406  -7.406  -7.406  -7.406  -7.406  -7.406  -7.406  -7.406  -7.406  -7.406  -7.406  -7.406  -7.406  -7.406  -7.406  -7.406  -7.406  -7.406  -7.406  -7.406  -7.406  -7.406  -7.406  -7.406  -7.406  -7.406  -7.406  -7.406  -7.406  -7.406  -7.406  -7.406  -7.406  -7.406  -7.266  -7.080  -6.898  -6.721  -6.543  -6.362  -6.177  -5.991  -5.801  -5.609  -5.415  -5.219  -5.022  -4.824  -4.625  -4.426  -4.225  -4.026  -3.827  -3.629  -3.430  -3.231  -3.032  -2.832  -2.632  -2.433  -2.236  -2.046  -1.868  -1.693  -1.517  -1.341  -1.166  -0.992  -0.819  -0.645
   2.180  -7.286  -7.286  -7.286  -7.286  -7.286  -7.286  -7.286  -7.286  -7.286  -7.286  -7.286  -7.286  -7.286  -7.286  -7.286  -7.286  -7.286  -7.286  -7.286  -7.286  -7.286  -7.286  -7.286  -7.286  -7.286  -7.286  -7.286  -7.286  -7.286  -7.286  -7.286  -7.286  -7.286  -7.286  -7.286  -7.286  -7.286  -7.286  -7.286  -7.286  -7.286  -7.286  -7.286  -7.286  -7.286  -7.286  -7.286  -7.286  -7.286  -7.227  -7.053  -6.877  -6.698  -6.516  -6.333  -6.146  -5.961  -5.778  -5.596  -5.414  -5.232  -5.048  -4.861  -4.672  -4.480  -4.284  -4.088  -3.892  -3.696  -3.499  -3.301  -3.103  -2.906  -2.708  -2.510  -2.313  -2.116  -1.917  -1.719  -1.526  -1.337  -1.154  -0.978  -0.808  -0.641  -0.479
   2.200  -7.163  -7.163  -7.163  -7.163  -7.163  -7.163  -7.163  -7.163  -7.163  -7.163  -7.163  -7.163  -7.163  -7.163  -7.163  -7.163  -7.163  -7.163  -7.163  -7.163  -7.163  -7.163  -7.163  -7.163  -7.163  -7.163  -7.163  -7.163  -7.163  -7.163  -7.163  -7.163  -7.163  -7.163  -7.163  -7.163  -7.163  -7.163  -7.163  -7.163  -7.163  -7.163  -7.163  -7.163  -7.163  -7.163  -7.163  -7.163  -7.163  -7.048  -6.880  -6.711  -6.540  -6.367  -6.191  -6.013  -5.833  -5.652  -5.469  -5.285  -5.099  -4.916  -4.736  -4.555  -4.371  -4.184  -3.995  -3.804  -3.611  -3.417  -3.221  -3.025  -2.828  -2.632  -2.435  -2.239  -2.043  -1.847  -1.651  -1.455  -1.257  -1.063  -0.870  -0.687  -0.525  -0.372
   2.230  -7.147  -7.147  -7.147  -7.147  -7.147  -7.147  -7.147  -7.147  -7.147  -7.147  -7.147  -7.147  -7.147  -7.147  -7.147  -7.147  -7.147  -7.147  -7.147  -7.147  -7.147  -7.147  -7.147  -7.147  -7.147  -7.147  -7.147  -7.147  -7.147  -7.147  -7.147  -7.147  -7.147  -7.147  -7.147  -7.147  -7.147  -7.147  -7.147  -7.147  -7.147  -7.147  -7.147  -7.147  -7.147  -7.147  -7.147  -7.147  -7.081  -6.886  -6.690  -6.492  -6.295  -6.111  -5.942  -5.776  -5.606  -5.434  -5.262  -5.089  -4.915  -4.740  -4.564  -4.385  -4.203  -4.020  -3.840  -3.660  -3.477  -3.292  -3.104  -2.914  -2.722  -2.530  -2.337  -2.144  -1.952  -1.760  -1.567  -1.373  -1.178  -0.981  -0.783  -0.592  -0.405  -0.230
   2.260  -7.127  -7.127  -7.127  -7.127  -7.127  -7.127  -7.127  -7.127  -7.127  -7.127  -7.127  -7.127  -7.127  -7.127  -7.127  -7.127  -7.127  -7.127  -7.127  -7.127  -7.127  -7.127  -7.127  -7.127  -7.127  -7.127  -7.127  -7.127  -7.127  -7.127  -7.127  -7.127  -7.127  -7.127  -7.127  -7.127  -7.127  -7.127  -7.127  -7.127  -7.127  -7.127  -7.127  -7.127  -7.127  -7.127  -7.127  -7.126  -6.945  -6.750  -6.555  -6.360  -6.164  -5.967  -5.770  -5.576  -5.386  -5.203  -5.031  -4.866  -4.703  -4.542  -4.380  -4.216  -4.050  -3.880  -3.705  -3.527  -3.346  -3.164  -2.983  -2.803  -2.623  -2.440  -2.256  -2.071  -1.885  -1.698  -1.511  -1.323  -1.131  -0.936  -0.743  -0.557  -0.375  -0.196
   2.280  -7.106  -7.106  -7.106  -7.106  -7.106  -7.106  -7.106  -7.106  -7.106  -7.106  -7.106  -7.106  -7.106  -7.106  -7.106  -7.106  -7.106  -7.106  -7.106  -7.106  -7.106  -7.106  -7.106  -7.106  -7.106  -7.106  -7.106  -7.106  -7.106  -7.106  -7.106  -7.106  -7.106  -7.106  -7.106  -7.106  -7.106  -7.106  -7.106  -7.106  -7.106  -7.106  -7.106  -7.106  -7.106  -7.106  -7.106  -7.041  -6.848  -6.654  -6.460  -6.265  -6.071  -5.878  -5.684  -5.492  -5.301  -5.110  -4.918  -4.733  -4.561  -4.400  -4.241  -4.086  -3.929  -3.769  -3.605  -3.437  -3.265  -3.091  -2.913  -2.733  -2.555  -2.380  -2.205  -2.028  -1.851  -1.672  -1.492  -1.308  -1.119  -0.926  -0.739  -0.558  -0.378  -0.201
   2.300  -7.080  -7.080  -7.080  -7.080  -7.080  -7.080  -7.080  -7.080  -7.080  -7.080  -7.080  -7.080  -7.080  -7.080  -7.080  -7.080  -7.080  -7.080  -7.080  -7.080  -7.080  -7.080  -7.080  -7.080  -7.080  -7.080  -7.080  -7.080  -7.080  -7.080  -7.080  -7.080  -7.080  -7.080  -7.080  -7.080  -7.080  -7.080  -7.080  -7.080  -7.080  -7.080  -7.080  -7.080  -7.080  -7.080  -7.080  -6.938  -6.745  -6.553  -6.360  -6.167  -5.975  -5.783  -5.593  -5.404  -5.217  -5.032  -4.848  -4.664  -4.479  -4.297  -4.118  -3.944  -3.781  -3.630  -3.482  -3.325  -3.164  -3.001  -2.834  -2.666  -2.495  -2.322  -2.153  -1.988  -1.824  -1.658  -1.490  -1.315  -1.131  -0.946  -0.766  -0.588  -0.411  -0.235
   2.320  -7.046  -7.046  -7.046  -7.046  -7.046  -7.046  -7.046  -7.046  -7.046  -7.046  -7.046  -7.046  -7.046  -7.046  -7.046  -7.046  -7.046  -7.046  -7.046  -7.046  -7.046  -7.046  -7.046  -7.046  -7.046  -7.046  -7.046  -7.046  -7.046  -7.046  -7.046  -7.046  -7.046  -7.046  -7.046  -7.046  -7.046  -7.046  -7.046  -7.046  -7.046  -7.046  -7.046  -7.046  -7.046  -7.046  -7.020  -6.829  -6.638  -6.447  -6.255  -6.065  -5.876  -5.688  -5.502  -5.318  -5.136  -4.956  -4.778  -4.599  -4.420  -4.239  -4.056  -3.871  -3.682  -3.490  -3.315  -3.172  -3.032  -2.882  -2.728  -2.572  -2.415  -2.256  -2.095  -1.933  -1.773  -1.614  -1.455  -1.291  -1.124  -0.951  -0.771  -0.590  -0.416  -0.248
   2.340  -7.005  -7.005  -7.005  -7.005  -7.005  -7.005  -7.005  -7.005  -7.005  -7.005  -7.005  -7.005  -7.005  -7.005  -7.005  -7.005  -7.005  -7.005  -7.005  -7.005  -7.005  -7.005  -7.005  -7.005  -7.005  -7.005  -7.005  -7.005  -7.005  -7.005  -7.005  -7.005  -7.005  -7.005  -7.005  -7.005  -7.005  -7.005  -7.005  -7.005  -7.005  -7.005  -7.005  -7.005  -7.005  -7.005  -6.903  -6.714  -6.525  -6.336  -6.147  -5.961  -5.775  -5.592  -5.412  -5.234  -5.059  -4.885  -4.712  -4.538  -4.362  -4.184  -4.002  -3.818  -3.630  -3.440  -3.248  -3.052  -2.873  -2.728  -2.591  -2.450  -2.308  -2.165  -2.019  -1.872  -1.722  -1.572  -1.419  -1.261  -1.102  -0.943  -0.783  -0.618  -0.445  -0.267
   2.360  -6.959  -6.959  -6.959  -6.959  -6.959  -6.959  -6.959  -6.959  -6.959  -6.959  -6.959  -6.959  -6.959  -6.959  -6.959  -6.959  -6.959  -6.959  -6.959  -6.959  -6.959  -6.959  -6.959  -6.959  -6.959  -6.959  -6.959  -6.959  -6.959  -6.959  -6.959  -6.959  -6.959  -6.959  -6.959  -6.959  -6.959  -6.959  -6.959  -6.959  -6.959  -6.959  -6.959  -6.959  -6.959  -6.959  -6.783  -6.595  -6.409  -6.223  -6.038  -5.856  -5.677  -5.500  -5.327  -5.155  -4.987  -4.819  -4.650  -4.480  -4.306  -4.129  -3.948  -3.765  -3.577  -3.389  -3.198  -3.007  -2.816  -2.619  -2.440  -2.298  -2.172  -2.043  -1.917  -1.789  -1.656  -1.518  -1.375  -1.229  -1.079  -0.930  -0.780  -0.623  -0.461  -0.294
   2.380  -6.913  -6.913  -6.913  -6.913  -6.913  -6.913  -6.913  -6.913  -6.913  -6.913  -6.913  -6.913  -6.913  -6.913  -6.913  -6.913  -6.913  -6.913  -6.913  -6.913  -6.913  -6.913  -6.913  -6.913  -6.913  -6.913  -6.913  -6.913  -6.913  -6.913  -6.913  -6.913  -6.913  -6.913  -6.913  -6.913  -6.913  -6.913  -6.913  -6.913  -6.913  -6.913  -6.913  -6.913  -6.913  -6.849  -6.660  -6.474  -6.289  -6.108  -5.929  -5.752  -5.579  -5.410  -5.244  -5.080  -4.918  -4.755  -4.589  -4.421  -4.249  -4.073  -3.893  -3.710  -3.523  -3.336  -3.147  -2.957  -2.769  -2.581  -2.395  -2.205  -2.033  -1.900  -1.789  -1.675  -1.561  -1.443  -1.316  -1.184  -1.049  -0.911  -0.768  -0.619  -0.464  -0.360
   2.400  -6.894  -6.894  -6.894  -6.894  -6.894  -6.894  -6.894  -6.894  -6.894  -6.894  -6.894  -6.894  -6.894  -6.894  -6.894  -6.894  -6.894  -6.894  -6.894  -6.894  -6.894  -6.894  -6.894  -6.894  -6.894  -6.894  -6.894  -6.894  -6.894  -6.894  -6.894  -6.894  -6.894  -6.894  -6.894  -6.894  -6.894  -6.894  -6.894  -6.894  -6.894  -6.894  -6.894  -6.894  -6.894  -6.745  -6.546  -6.353  -6.170  -5.993  -5.819  -5.649  -5.484  -5.323  -5.164  -5.006  -4.849  -4.689  -4.527  -4.360  -4.189  -4.013  -3.834  -3.651  -3.466  -3.280  -3.092  -2.905  -2.718  -2.533  -2.352  -2.173  -1.996  -1.817  -1.656  -1.537  -1.445  -1.345  -1.236  -1.121  -1.004  -0.880  -0.748  -0.610  -0.464  -0.420
   2.440  -6.944  -6.944  -6.944  -6.944  -6.944  -6.944  -6.944  -6.944  -6.944  -6.944  -6.944  -6.944  -6.944  -6.944  -6.944  -6.944  -6.944  -6.944  -6.944  -6.944  -6.944  -6.944  -6.944  -6.944  -6.944  -6.944  -6.944  -6.944  -6.944  -6.944  -6.944  -6.944  -6.944  -6.944  -6.944  -6.944  -6.944  -6.944  -6.944  -6.944  -6.944  -6.944  -6.944  -6.944  -6.823  -6.602  -6.386  -6.172  -5.966  -5.778  -5.607  -5.446  -5.293  -5.146  -4.998  -4.850  -4.699  -4.544  -4.385  -4.220  -4.050  -3.877  -3.700  -3.520  -3.339  -3.156  -2.973  -2.791  -2.609  -2.432  -2.257  -2.087  -1.924  -1.765  -1.612  -1.463  -1.319  -1.174  -1.040  -0.937  -0.863  -0.781  -0.677  -0.562  -0.437  -0.300
   2.480  -6.965  -6.965  -6.965  -6.965  -6.965  -6.965  -6.965  -6.965  -6.965  -6.965  -6.965  -6.965  -6.965  -6.965  -6.965  -6.965  -6.965  -6.965  -6.965  -6.965  -6.965  -6.965  -6.965  -6.965  -6.965  -6.965  -6.965  -6.965  -6.965  -6.965  -6.965  -6.965  -6.965  -6.965  -6.965  -6.965  -6.965  -6.965  -6.965  -6.965  -6.965  -6.965  -6.965  -6.895  -6.687  -6.477  -6.262  -6.047  -5.838  -5.634  -5.442  -5.267  -5.105  -4.950  -4.805  -4.659  -4.509  -4.357  -4.199  -4.036  -3.869  -3.699  -3.525  -3.349  -3.171  -2.993  -2.814  -2.637  -2.463  -2.292  -2.125  -1.966  -1.811  -1.662  -1.518  -1.378  -1.243  -1.113  -0.984  -0.858  -0.736  -0.618  -0.503  -0.388  -0.273  -0.158
   2.600  -6.612  -6.612  -6.612  -6.612  -6.612  -6.612  -6.612  -6.612  -6.612  -6.612  -6.612  -6.612  -6.612  -6.612  -6.612  -6.612  -6.612  -6.612  -6.612  -6.612  -6.612  -6.612  -6.612  -6.612  -6.612  -6.612  -6.612  -6.612  -6.612  -6.612  -6.612  -6.612  -6.612  -6.612  -6.612  -6.612  -6.612  -6.612  -6.612  -6.612  -6.612  -6.493  -6.327  -6.159  -5.990  -5.820  -5.650  -5.480  -5.310  -5.140  -4.971  -4.801  -4.630  -4.458  -4.282  -4.107  -3.933  -3.760  -3.590  -3.424  -3.260  -3.101  -2.944  -2.788  -2.629  -2.473  -2.319  -2.169  -2.024  -1.886  -1.753  -1.626  -1.505  -1.391  -1.285  -1.185  -1.089  -0.997  -0.902  -0.804  -0.701  -0.589  -0.469  -0.387  -0.387  -0.387
   2.700  -5.462  -5.462  -5.462  -5.462  -5.462  -5.462  -5.462  -5.462  -5.462  -5.462  -5.462  -5.462  -5.462  -5.462  -5.462  -5.462  -5.462  -5.462  -5.462  -5.462  -5.462  -5.462  -5.462  -5.462  -5.462  -5.462  -5.462  -5.462  -5.462  -5.462  -5.462  -5.462  -5.462  -5.462  -5.462  -5.462  -5.462  -5.462  -5.461  -5.431  -5.385  -5.327  -5.259  -5.176  -5.075  -4.958  -4.831  -4.694  -4.549  -4.401  -4.247  -4.091  -3.932  -3.770  -3.603  -3.432  -3.257  -3.076  -2.892  -2.708  -2.522  -2.346  -2.178  -2.021  -1.877  -1.745  -1.622  -1.508  -1.402  -1.300  -1.204  -1.127  -1.074  -1.030  -0.985  -0.942  -0.885  -0.810  -0.723  -0.626  -0.517  -0.439  -0.439  -0.439  -0.439  -0.439
   2.760  -5.394  -5.394  -5.394  -5.394  -5.394  -5.394  -5.394  -5.394  -5.394  -5.394  -5.394  -5.394  -5.394  -5.394  -5.394  -5.394  -5.394  -5.394  -5.394  -5.394  -5.394  -5.394  -5.394  -5.394  -5.394  -5.394  -5.394  -5.394  -5.394  -5.394  -5.394  -5.394  -5.394  -5.394  -5.394  -5.394  -5.394  -5.394  -5.194  -4.997  -4.813  -4.643  -4.499  -4.397  -4.319  -4.242  -4.172  -4.092  -3.989  -3.872  -3.745  -3.605  -3.459  -3.311  -3.158  -3.006  -2.855  -2.703  -2.549  -2.395  -2.240  -2.085  -1.935  -1.789  -1.649  -1.522  -1.406  -1.302  -1.209  -1.127  -1.052  -0.986  -0.925  -0.867  -0.812  -0.754  -0.693  -0.623  -0.538  -0.442  -0.395  -0.395  -0.395  -0.395  -0.395  -0.395
   2.810  -5.629  -5.629  -5.629  -5.629  -5.629  -5.629  -5.629  -5.629  -5.629  -5.629  -5.629  -5.629  -5.629  -5.629  -5.629  -5.629  -5.629  -5.629  -5.629  -5.629  -5.629  -5.629  -5.629  -5.629  -5.629  -5.629  -5.629  -5.629  -5.629  -5.629  -5.629  -5.629  -5.629  -5.629  -5.629  -5.629  -5.631  -5.453  -5.265  -5.072  -4.876  -4.678  -4.478  -4.282  -4.088  -3.900  -3.732  -3.595  -3.478  -3.378  -3.288  -3.189  -3.075  -2.953  -2.827  -2.696  -2.563  -2.429  -2.292  -2.155  -2.015  -1.877  -1.742  -1.609  -1.484  -1.364  -1.255  -1.159  -1.073  -0.999  -0.937  -0.880  -0.826  -0.775  -0.719  -0.660  -0.590  -0.505  -0.407  -0.359  -0.359  -0.359  -0.359  -0.359  -0.359  -0.359
   2.850  -5.662  -5.662  -5.662  -5.662  -5.662  -5.662  -5.662  -5.662  -5.662  -5.662  -5.662  -5.662  -5.662  -5.662  -5.662  -5.662  -5.662  -5.662  -5.662  -5.662  -5.662  -5.662  -5.662  -5.662  -5.662  -5.662  -5.662  -5.662  -5.662  -5.662  -5.662  -5.662  -5.662  -5.662  -5.662  -5.662  -5.567  -5.430  -5.277  -5.109  -4.914  -4.724  -4.523  -4.325  -4.125  -3.925  -3.728  -3.546  -3.367  -3.182  -3.017  -2.875  -2.751  -2.637  -2.547  -2.446  -2.336  -2.223  -2.105  -1.983  -1.859  -1.733  -1.607  -1.489  -1.375  -1.266  -1.166  -1.073  -0.991  -0.921  -0.859  -0.804  -0.755  -0.700  -0.642  -0.574  -0.491  -0.394  -0.324  -0.324  -0.324  -0.324  -0.324  -0.324  -0.324  -0.324
   2.900  -5.426  -5.426  -5.426  -5.426  -5.426  -5.426  -5.426  -5.426  -5.426  -5.426  -5.426  -5.426  -5.426  -5.426  -5.426  -5.426  -5.426  -5.426  -5.426  -5.426  -5.426  -5.426  -5.426  -5.426  -5.426  -5.426  -5.426  -5.426  -5.426  -5.426  -5.426  -5.426  -5.426  -5.426  -5.426  -5.387  -5.322  -5.242  -5.146  -5.040  -4.914  -4.767  -4.606  -4.422  -4.229  -4.032  -3.829  -3.624  -3.416  -3.210  -3.010  -2.818  -2.647  -2.487  -2.345  -2.227  -2.129  -2.032  -1.937  -1.841  -1.738  -1.632  -1.524  -1.416  -1.311  -1.211  -1.117  -1.029  -0.949  -0.876  -0.811  -0.751  -0.689  -0.626  -0.555  -0.468  -0.369  -0.297  -0.297  -0.297  -0.297  -0.297  -0.297  -0.297  -0.297  -0.297
   2.910  -5.341  -5.341  -5.341  -5.341  -5.341  -5.341  -5.341  -5.341  -5.341  -5.341  -5.341  -5.341  -5.341  -5.341  -5.341  -5.341  -5.341  -5.341  -5.341  -5.341  -5.341  -5.341  -5.341  -5.341  -5.341  -5.341  -5.341  -5.341  -5.341  -5.341  -5.341  -5.341  -5.341  -5.341  -5.341  -5.300  -5.245  -5.183  -5.116  -5.015  -4.889  -4.743  -4.582  -4.420  -4.242  -4.053  -3.857  -3.655  -3.445  -3.239  -3.033  -2.826  -2.635  -2.475  -2.333  -2.217  -2.117  -2.019  -1.924  -1.827  -1.724  -1.618  -1.515  -1.410  -1.308  -1.211  -1.117  -1.029  -0.946  -0.870  -0.803  -0.743  -0.679  -0.612  -0.535  -0.443  -0.339  -0.288  -0.288  -0.288  -0.288  -0.288  -0.288  -0.288  -0.288  -0.288
   2.920  -5.245  -5.245  -5.245  -5.245  -5.245  -5.245  -5.245  -5.245  -5.245  -5.245  -5.245  -5.245  -5.245  -5.245  -5.245  -5.245  -5.245  -5.245  -5.245  -5.245  -5.245  -5.245  -5.245  -5.245  -5.245  -5.245  -5.245  -5.245  -5.245  -5.245  -5.245  -5.245  -5.245  -5.245  -5.242  -5.203  -5.156  -5.108  -5.057  -4.962  -4.848  -4.711  -4.555  -4.420  -4.258  -4.082  -3.897  -3.697  -3.485  -3.279  -3.070  -2.856  -2.660  -2.496  -2.349  -2.226  -2.117  -2.014  -1.917  -1.818  -1.714  -1.612  -1.513  -1.411  -1.312  -1.215  -1.122  -1.033  -0.948  -0.869  -0.800  -0.736  -0.670  -0.596  -0.511  -0.412  -0.301  -0.275  -0.275  -0.275  -0.275  -0.275  -0.275  -0.275  -0.275  -0.275
   2.930  -5.141  -5.141  -5.141  -5.141  -5.141  -5.141  -5.141  -5.141  -5.141  -5.141  -5.141  -5.141  -5.141  -5.141  -5.141  -5.141  -5.141  -5.141  -5.141  -5.141  -5.141  -5.141  -5.141  -5.141  -5.141  -5.141  -5.141  -5.141  -5.141  -5.141  -5.141  -5.141  -5.141  -5.141  -5.130  -5.098  -5.057  -5.018  -4.972  -4.892  -4.797  -4.674  -4.534  -4.419  -4.274  -4.113  -3.940  -3.741  -3.528  -3.325  -3.116  -2.903  -2.709  -2.538  -2.383  -2.248  -2.126  -2.017  -1.915  -1.814  -1.711  -1.614  -1.517  -1.417  -1.320  -1.224  -1.131  -1.041  -0.954  -0.872  -0.799  -0.731  -0.661  -0.578  -0.485  -0.379  -0.267  -0.260  -0.260  -0.260  -0.260  -0.260  -0.260  -0.260  -0.260  -0.260
   2.940  -5.031  -5.031  -5.031  -5.031  -5.031  -5.031  -5.031  -5.031  -5.031  -5.031  -5.031  -5.031  -5.031  -5.031  -5.031  -5.031  -5.031  -5.031  -5.031  -5.031  -5.031  -5.031  -5.031  -5.031  -5.031  -5.031  -5.031  -5.031  -5.031  -5.031  -5.031  -5.031  -5.031  -5.031  -5.017  -4.988  -4.953  -4.920  -4.876  -4.814  -4.741  -4.636  -4.521  -4.416  -4.286  -4.137  -3.974  -3.776  -3.570  -3.370  -3.165  -2.959  -2.767  -2.589  -2.425  -2.275  -2.140  -2.025  -1.918  -1.815  -1.715  -1.621  -1.524  -1.427  -1.331  -1.235  -1.142  -1.051  -0.963  -0.879  -0.800  -0.725  -0.649  -0.560  -0.459  -0.346  -0.247  -0.247  -0.247  -0.247  -0.247  -0.247  -0.247  -0.247  -0.247  -0.247
   2.950  -4.920  -4.920  -4.920  -4.920  -4.920  -4.920  -4.920  -4.920  -4.920  -4.920  -4.920  -4.920  -4.920  -4.920  -4.920  -4.920  -4.920  -4.920  -4.920  -4.920  -4.920  -4.920  -4.920  -4.920  -4.920  -4.920  -4.920  -4.920  -4.920  -4.920  -4.920  -4.920  -4.920  -4.920  -4.904  -4.879  -4.850  -4.819  -4.781  -4.735  -4.680  -4.600  -4.509  -4.409  -4.286  -4.142  -3.984  -3.797  -3.604  -3.410  -3.209  -3.013  -2.821  -2.638  -2.467  -2.306  -2.162  -2.038  -1.925  -1.821  -1.725  -1.631  -1.535  -1.439  -1.343  -1.248  -1.155  -1.063  -0.974  -0.887  -0.803  -0.719  -0.635  -0.542  -0.436  -0.319  -0.240  -0.240  -0.240  -0.240  -0.240  -0.240  -0.240  -0.240  -0.240  -0.240
   2.960  -4.810  -4.810  -4.810  -4.810  -4.810  -4.810  -4.810  -4.810  -4.810  -4.810  -4.810  -4.810  -4.810  -4.810  -4.810  -4.810  -4.810  -4.810  -4.810  -4.810  -4.810  -4.810  -4.810  -4.810  -4.810  -4.810  -4.810  -4.810  -4.810  -4.810  -4.810  -4.810  -4.810  -4.810  -4.793  -4.771  -4.748  -4.722  -4.691  -4.655  -4.612  -4.562  -4.488  -4.387  -4.264  -4.121  -3.963  -3.805  -3.628  -3.441  -3.248  -3.056  -2.865  -2.681  -2.507  -2.342  -2.193  -2.059  -1.939  -1.834  -1.739  -1.642  -1.545  -1.450  -1.356  -1.263  -1.170  -1.077  -0.986  -0.896  -0.807  -0.715  -0.624  -0.528  -0.420  -0.301  -0.242  -0.242  -0.242  -0.242  -0.242  -0.242  -0.242  -0.242  -0.242  -0.242
   2.970  -4.697  -4.697  -4.697  -4.697  -4.697  -4.697  -4.697  -4.697  -4.697  -4.697  -4.697  -4.697  -4.697  -4.697  -4.697  -4.697  -4.697  -4.697  -4.697  -4.697  -4.697  -4.697  -4.697  -4.697  -4.697  -4.697  -4.697  -4.697  -4.697  -4.697  -4.697  -4.697  -4.697  -4.695  -4.679  -4.661  -4.641  -4.620  -4.593  -4.563  -4.531  -4.494  -4.429  -4.337  -4.226  -4.092  -3.945  -3.812  -3.651  -3.479  -3.298  -3.105  -2.915  -2.733  -2.558  -2.392  -2.238  -2.096  -1.969  -1.858  -1.754  -1.654  -1.558  -1.463  -1.371  -1.280  -1.188  -1.095  -1.002  -0.910  -0.815  -0.718  -0.623  -0.523  -0.412  -0.292  -0.257  -0.257  -0.257  -0.257  -0.257  -0.257  -0.257  -0.257  -0.257  -0.257
   2.980  -4.582  -4.582  -4.582  -4.582  -4.582  -4.582  -4.582  -4.582  -4.582  -4.582  -4.582  -4.582  -4.582  -4.582  -4.582  -4.582  -4.582  -4.582  -4.582  -4.582  -4.582  -4.582  -4.582  -4.582  -4.582  -4.582  -4.582  -4.582  -4.582  -4.582  -4.582  -4.582  -4.582  -4.578  -4.564  -4.548  -4.531  -4.512  -4.489  -4.463  -4.435  -4.403  -4.347  -4.270  -4.178  -4.059  -3.932  -3.814  -3.673  -3.517  -3.346  -3.154  -2.968  -2.790  -2.616  -2.449  -2.291  -2.144  -2.008  -1.886  -1.772  -1.668  -1.572  -1.479  -1.389  -1.300  -1.208  -1.115  -1.020  -0.925  -0.826  -0.726  -0.628  -0.523  -0.410  -0.291  -0.280  -0.280  -0.280  -0.280  -0.280  -0.280  -0.280  -0.280  -0.280  -0.280
   2.990  -4.467  -4.467  -4.467  -4.467  -4.467  -4.467  -4.467  -4.467  -4.467  -4.467  -4.467  -4.467  -4.467  -4.467  -4.467  -4.467  -4.467  -4.467  -4.467  -4.467  -4.467  -4.467  -4.467  -4.467  -4.467  -4.467  -4.467  -4.467  -4.467  -4.467  -4.467  -4.467  -4.467  -4.462  -4.450  -4.436  -4.421  -4.404  -4.384  -4.360  -4.334  -4.303  -4.257  -4.198  -4.127  -4.027  -3.921  -3.813  -3.686  -3.542  -3.379  -3.195  -3.016  -2.843  -2.672  -2.506  -2.346  -2.194  -2.050  -1.916  -1.793  -1.686  -1.589  -1.496  -1.409  -1.320  -1.229  -1.135  -1.039  -0.940  -0.839  -0.737  -0.634  -0.525  -0.410  -0.308  -0.307  -0.307  -0.307  -0.307  -0.307  -0.307  -0.307  -0.307  -0.307  -0.307
   3.000  -4.356  -4.356  -4.356  -4.356  -4.356  -4.356  -4.356  -4.356  -4.356  -4.356  -4.356  -4.356  -4.356  -4.356  -4.356  -4.356  -4.356  -4.356  -4.356  -4.356  -4.356  -4.356  -4.356  -4.356  -4.356  -4.356  -4.356  -4.356  -4.356  -4.356  -4.356  -4.356  -4.356  -4.350  -4.339  -4.327  -4.315  -4.299  -4.282  -4.261  -4.237  -4.209  -4.174  -4.128  -4.071  -3.998  -3.909  -3.803  -3.679  -3.539  -3.388  -3.224  -3.054  -2.887  -2.720  -2.556  -2.395  -2.240  -2.090  -1.947  -1.819  -1.709  -1.609  -1.516  -1.429  -1.340  -1.248  -1.154  -1.055  -0.953  -0.849  -0.745  -0.638  -0.526  -0.409  -0.331  -0.331  -0.331  -0.331  -0.331  -0.331  -0.331  -0.331  -0.331  -0.331  -0.331
   3.010  -4.250  -4.250  -4.250  -4.250  -4.250  -4.250  -4.250  -4.250  -4.250  -4.250  -4.250  -4.250  -4.250  -4.250  -4.250  -4.250  -4.250  -4.250  -4.250  -4.250  -4.250  -4.250  -4.250  -4.250  -4.250  -4.250  -4.250  -4.250  -4.250  -4.250  -4.250  -4.250  -4.250  -4.242  -4.233  -4.223  -4.211  -4.198  -4.183  -4.166  -4.145  -4.122  -4.092  -4.054  -4.008  -3.957  -3.875  -3.773  -3.654  -3.516  -3.384  -3.242  -3.085  -2.926  -2.761  -2.601  -2.441  -2.285  -2.132  -1.985  -1.853  -1.737  -1.631  -1.536  -1.448  -1.358  -1.265  -1.170  -1.069  -0.964  -0.858  -0.750  -0.640  -0.525  -0.407  -0.353  -0.353  -0.353  -0.353  -0.353  -0.353  -0.353  -0.353  -0.353  -0.353  -0.353
   3.020  -4.146  -4.146  -4.146  -4.146  -4.146  -4.146  -4.146  -4.146  -4.146  -4.146  -4.146  -4.146  -4.146  -4.146  -4.146  -4.146  -4.146  -4.146  -4.146  -4.146  -4.146  -4.146  -4.146  -4.146  -4.146  -4.146  -4.146  -4.146  -4.146  -4.146  -4.146  -4.146  -4.145  -4.137  -4.128  -4.119  -4.109  -4.098  -4.085  -4.069  -4.052  -4.032  -4.005  -3.971  -3.933  -3.890  -3.816  -3.727  -3.622  -3.494  -3.381  -3.254  -3.115  -2.964  -2.802  -2.646  -2.490  -2.335  -2.180  -2.030  -1.892  -1.766  -1.654  -1.557  -1.467  -1.375  -1.282  -1.185  -1.082  -0.975  -0.866  -0.755  -0.642  -0.525  -0.405  -0.375  -0.375  -0.375  -0.375  -0.375  -0.375  -0.375  -0.375  -0.375  -0.375  -0.375
   3.030  -4.044  -4.044  -4.044  -4.044  -4.044  -4.044  -4.044  -4.044  -4.044  -4.044  -4.044  -4.044  -4.044  -4.044  -4.044  -4.044  -4.044  -4.044  -4.044  -4.044  -4.044  -4.044  -4.044  -4.044  -4.044  -4.044  -4.044  -4.044  -4.044  -4.044  -4.044  -4.044  -4.041  -4.033  -4.026  -4.018  -4.009  -3.999  -3.987  -3.973  -3.958  -3.940  -3.915  -3.886  -3.850  -3.808  -3.747  -3.674  -3.586  -3.476  -3.376  -3.261  -3.135  -2.991  -2.836  -2.687  -2.536  -2.383  -2.227  -2.076  -1.932  -1.796  -1.678  -1.579  -1.486  -1.392  -1.298  -1.199  -1.094  -0.985  -0.874  -0.760  -0.643  -0.524  -0.401  -0.396  -0.396  -0.396  -0.396  -0.396  -0.396  -0.396  -0.396  -0.396  -0.396  -0.396
   3.040  -3.939  -3.939  -3.939  -3.939  -3.939  -3.939  -3.939  -3.939  -3.939  -3.939  -3.939  -3.939  -3.939  -3.939  -3.939  -3.939  -3.939  -3.939  -3.939  -3.939  -3.939  -3.939  -3.939  -3.939  -3.939  -3.939  -3.939  -3.939  -3.939  -3.939  -3.939  -3.939  -3.936  -3.931  -3.925  -3.918  -3.911  -3.902  -3.892  -3.880  -3.867  -3.850  -3.829  -3.802  -3.769  -3.729  -3.681  -3.621  -3.549  -3.463  -3.365  -3.255  -3.135  -3.001  -2.862  -2.720  -2.575  -2.424  -2.269  -2.117  -1.968  -1.826  -1.704  -1.602  -1.504  -1.409  -1.314  -1.213  -1.105  -0.995  -0.880  -0.763  -0.644  -0.522  -0.417  -0.417  -0.417  -0.417  -0.417  -0.417  -0.417  -0.417  -0.417  -0.417  -0.417  -0.417
   3.050  -3.832  -3.832  -3.832  -3.832  -3.832  -3.832  -3.832  -3.832  -3.832  -3.832  -3.832  -3.832  -3.832  -3.832  -3.832  -3.832  -3.832  -3.832  -3.832  -3.832  -3.832  -3.832  -3.832  -3.832  -3.832  -3.832  -3.832  -3.832  -3.832  -3.832  -3.832  -3.832  -3.832  -3.831  -3.828  -3.824  -3.819  -3.812  -3.803  -3.792  -3.780  -3.765  -3.746  -3.723  -3.694  -3.660  -3.618  -3.566  -3.508  -3.437  -3.342  -3.235  -3.116  -3.000  -2.878  -2.745  -2.604  -2.458  -2.306  -2.155  -2.002  -1.858  -1.734  -1.625  -1.522  -1.426  -1.330  -1.226  -1.117  -1.004  -0.886  -0.764  -0.642  -0.517  -0.436  -0.436  -0.436  -0.436  -0.436  -0.436  -0.436  -0.436  -0.436  -0.436  -0.436  -0.436
   3.060  -3.723  -3.723  -3.723  -3.723  -3.723  -3.723  -3.723  -3.723  -3.723  -3.723  -3.723  -3.723  -3.723  -3.723  -3.723  -3.723  -3.723  -3.723  -3.723  -3.723  -3.723  -3.723  -3.723  -3.723  -3.723  -3.723  -3.723  -3.723  -3.723  -3.723  -3.723  -3.723  -3.730  -3.735  -3.735  -3.735  -3.732  -3.726  -3.717  -3.708  -3.696  -3.682  -3.665  -3.644  -3.617  -3.587  -3.549  -3.504  -3.455  -3.390  -3.305  -3.209  -3.098  -2.998  -2.888  -2.766  -2.630  -2.488  -2.342  -2.193  -2.039  -1.893  -1.764  -1.647  -1.540  -1.443  -1.345  -1.239  -1.129  -1.012  -0.889  -0.764  -0.638  -0.510  -0.452  -0.452  -0.452  -0.452  -0.452  -0.452  -0.452  -0.452  -0.452  -0.452  -0.452  -0.452
   3.070  -3.614  -3.614  -3.614  -3.614  -3.614  -3.614  -3.614  -3.614  -3.614  -3.614  -3.614  -3.614  -3.614  -3.614  -3.614  -3.614  -3.614  -3.614  -3.614  -3.614  -3.614  -3.614  -3.614  -3.614  -3.614  -3.614  -3.614  -3.614  -3.614  -3.614  -3.614  -3.617  -3.630  -3.638  -3.642  -3.644  -3.643  -3.639  -3.631  -3.623  -3.612  -3.599  -3.584  -3.565  -3.542  -3.514  -3.480  -3.440  -3.394  -3.335  -3.263  -3.181  -3.085  -2.993  -2.891  -2.777  -2.648  -2.514  -2.375  -2.228  -2.074  -1.928  -1.793  -1.669  -1.558  -1.460  -1.359  -1.252  -1.140  -1.019  -0.892  -0.763  -0.633  -0.503  -0.470  -0.470  -0.470  -0.470  -0.470  -0.470  -0.470  -0.470  -0.470  -0.470  -0.470  -0.470
   3.080  -3.507  -3.507  -3.507  -3.507  -3.507  -3.507  -3.507  -3.507  -3.507  -3.507  -3.507  -3.507  -3.507  -3.507  -3.507  -3.507  -3.507  -3.507  -3.507  -3.507  -3.507  -3.507  -3.507  -3.507  -3.507  -3.507  -3.507  -3.507  -3.507  -3.507  -3.507  -3.512  -3.527  -3.537  -3.542  -3.545  -3.546  -3.544  -3.541  -3.535  -3.528  -3.518  -3.505  -3.489  -3.469  -3.445  -3.414  -3.379  -3.336  -3.284  -3.223  -3.153  -3.073  -2.982  -2.882  -2.774  -2.658  -2.533  -2.400  -2.255  -2.104  -1.959  -1.819  -1.689  -1.577  -1.476  -1.371  -1.262  -1.148  -1.024  -0.893  -0.762  -0.630  -0.497  -0.490  -0.490  -0.490  -0.490  -0.490  -0.490  -0.490  -0.490  -0.490  -0.490  -0.490  -0.490
   3.090  -3.399  -3.399  -3.399  -3.399  -3.399  -3.399  -3.399  -3.399  -3.399  -3.399  -3.399  -3.399  -3.399  -3.399  -3.399  -3.399  -3.399  -3.399  -3.399  -3.399  -3.399  -3.399  -3.399  -3.399  -3.399  -3.399  -3.399  -3.399  -3.399  -3.399  -3.399  -3.405  -3.416  -3.423  -3.428  -3.430  -3.433  -3.439  -3.444  -3.446  -3.446  -3.441  -3.432  -3.421  -3.404  -3.383  -3.356  -3.323  -3.284  -3.237  -3.182  -3.121  -3.049  -2.962  -2.865  -2.765  -2.662  -2.547  -2.419  -2.277  -2.131  -1.988  -1.844  -1.712  -1.596  -1.489  -1.380  -1.270  -1.154  -1.028  -0.896  -0.764  -0.629  -0.513  -0.514  -0.514  -0.514  -0.514  -0.514  -0.514  -0.514  -0.514  -0.514  -0.514  -0.514  -0.514
   3.100  -3.292  -3.292  -3.292  -3.292  -3.292  -3.292  -3.292  -3.292  -3.292  -3.292  -3.292  -3.292  -3.292  -3.292  -3.292  -3.292  -3.292  -3.292  -3.292  -3.292  -3.292  -3.292  -3.292  -3.292  -3.292  -3.292  -3.292  -3.292  -3.292  -3.292  -3.292  -3.294  -3.299  -3.302  -3.306  -3.308  -3.314  -3.331  -3.345  -3.357  -3.365  -3.366  -3.362  -3.356  -3.343  -3.324  -3.299  -3.268  -3.231  -3.188  -3.139  -3.083  -3.016  -2.938  -2.847  -2.757  -2.662  -2.555  -2.433  -2.296  -2.157  -2.015  -1.869  -1.735  -1.614  -1.500  -1.388  -1.277  -1.159  -1.031  -0.899  -0.766  -0.630  -0.540  -0.540  -0.540  -0.540  -0.540  -0.540  -0.540  -0.540  -0.540  -0.540  -0.540  -0.540  -0.540
   3.110  -3.192  -3.192  -3.192  -3.192  -3.192  -3.192  -3.192  -3.192  -3.192  -3.192  -3.192  -3.192  -3.192  -3.192  -3.192  -3.192  -3.192  -3.192  -3.192  -3.192  -3.192  -3.192  -3.192  -3.192  -3.192  -3.192  -3.192  -3.192  -3.192  -3.192  -3.192  -3.191  -3.190  -3.190  -3.192  -3.192  -3.205  -3.231  -3.251  -3.269  -3.281  -3.287  -3.288  -3.285  -3.275  -3.259  -3.237  -3.209  -3.176  -3.138  -3.093  -3.040  -2.980  -2.911  -2.831  -2.747  -2.655  -2.554  -2.438  -2.311  -2.178  -2.036  -1.891  -1.756  -1.630  -1.509  -1.394  -1.283  -1.162  -1.033  -0.901  -0.767  -0.629  -0.566  -0.566  -0.566  -0.566  -0.566  -0.566  -0.566  -0.566  -0.566  -0.566  -0.566  -0.566  -0.566
   3.120  -3.107  -3.107  -3.107  -3.107  -3.107  -3.107  -3.107  -3.107  -3.107  -3.107  -3.107  -3.107  -3.107  -3.107  -3.107  -3.107  -3.107  -3.107  -3.107  -3.107  -3.107  -3.107  -3.107  -3.107  -3.107  -3.107  -3.107  -3.107  -3.107  -3.107  -3.107  -3.104  -3.102  -3.101  -3.099  -3.099  -3.117  -3.144  -3.161  -3.175  -3.185  -3.194  -3.201  -3.201  -3.194  -3.182  -3.166  -3.145  -3.119  -3.087  -3.048  -3.001  -2.946  -2.883  -2.815  -2.733  -2.641  -2.540  -2.435  -2.319  -2.192  -2.052  -1.908  -1.773  -1.642  -1.516  -1.400  -1.285  -1.162  -1.033  -0.900  -0.765  -0.626  -0.591  -0.591  -0.591  -0.591  -0.591  -0.591  -0.591  -0.591  -0.591  -0.591  -0.591  -0.591  -0.591
   3.130  -3.035  -3.035  -3.035  -3.035  -3.035  -3.035  -3.035  -3.035  -3.035  -3.035  -3.035  -3.035  -3.035  -3.035  -3.035  -3.035  -3.035  -3.035  -3.035  -3.035  -3.035  -3.035  -3.035  -3.035  -3.035  -3.035  -3.035  -3.035  -3.035  -3.035  -3.035  -3.034  -3.034  -3.029  -3.022  -3.022  -3.042  -3.063  -3.068  -3.069  -3.075  -3.089  -3.101  -3.103  -3.100  -3.096  -3.091  -3.081  -3.064  -3.039  -3.005  -2.962  -2.911  -2.853  -2.789  -2.711  -2.622  -2.526  -2.430  -2.322  -2.203  -2.067  -1.926  -1.789  -1.652  -1.524  -1.405  -1.285  -1.160  -1.031  -0.898  -0.762  -0.624  -0.616  -0.616  -0.616  -0.616  -0.616  -0.616  -0.616  -0.616  -0.616  -0.616  -0.616  -0.616  -0.616
   3.140  -2.967  -2.967  -2.967  -2.967  -2.967  -2.967  -2.967  -2.967  -2.967  -2.967  -2.967  -2.967  -2.967  -2.967  -2.967  -2.967  -2.967  -2.967  -2.967  -2.967  -2.967  -2.967  -2.967  -2.967  -2.967  -2.967  -2.967  -2.967  -2.967  -2.967  -2.968  -2.970  -2.970  -2.961  -2.951  -2.953  -2.972  -2.983  -2.975  -2.964  -2.968  -2.987  -3.001  -3.005  -3.006  -3.009  -3.014  -3.013  -3.003  -2.984  -2.956  -2.918  -2.872  -2.818  -2.755  -2.684  -2.603  -2.514  -2.422  -2.319  -2.205  -2.074  -1.939  -1.800  -1.660  -1.529  -1.406  -1.282  -1.156  -1.027  -0.894  -0.758  -0.639  -0.639  -0.639  -0.639  -0.639  -0.639  -0.639  -0.639  -0.639  -0.639  -0.639  -0.639  -0.639  -0.639
   3.150  -2.893  -2.893  -2.893  -2.893  -2.893  -2.893  -2.893  -2.893  -2.893  -2.893  -2.893  -2.893  -2.893  -2.893  -2.893  -2.893  -2.893  -2.893  -2.893  -2.893  -2.893  -2.893  -2.893  -2.893  -2.893  -2.893  -2.893  -2.893  -2.893  -2.893  -2.895  -2.897  -2.896  -2.887  -2.879  -2.885  -2.901  -2.905  -2.891  -2.877  -2.882  -2.901  -2.912  -2.916  -2.920  -2.927  -2.935  -2.937  -2.929  -2.914  -2.893  -2.864  -2.826  -2.777  -2.719  -2.653  -2.582  -2.500  -2.408  -2.306  -2.192  -2.072  -1.944  -1.805  -1.664  -1.532  -1.405  -1.278  -1.150  -1.021  -0.887  -0.751  -0.660  -0.660  -0.660  -0.660  -0.660  -0.660  -0.660  -0.660  -0.660  -0.660  -0.660  -0.660  -0.660  -0.660
   3.160  -2.815  -2.815  -2.815  -2.815  -2.815  -2.815  -2.815  -2.815  -2.815  -2.815  -2.815  -2.815  -2.815  -2.815  -2.815  -2.815  -2.815  -2.815  -2.815  -2.815  -2.815  -2.815  -2.815  -2.815  -2.815  -2.815  -2.815  -2.815  -2.815  -2.815  -2.814  -2.814  -2.814  -2.811  -2.810  -2.819  -2.832  -2.832  -2.822  -2.814  -2.817  -2.827  -2.832  -2.834  -2.836  -2.841  -2.846  -2.845  -2.835  -2.823  -2.813  -2.799  -2.775  -2.732  -2.679  -2.620  -2.553  -2.475  -2.385  -2.285  -2.176  -2.067  -1.944  -1.808  -1.669  -1.534  -1.401  -1.271  -1.142  -1.012  -0.878  -0.742  -0.680  -0.680  -0.680  -0.680  -0.680  -0.680  -0.680  -0.680  -0.680  -0.680  -0.680  -0.680  -0.680  -0.680
   3.170  -2.738  -2.738  -2.738  -2.738  -2.738  -2.738  -2.738  -2.738  -2.738  -2.738  -2.738  -2.738  -2.738  -2.738  -2.738  -2.738  -2.738  -2.738  -2.738  -2.738  -2.738  -2.738  -2.738  -2.738  -2.738  -2.738  -2.738  -2.738  -2.738  -2.737  -2.734  -2.733  -2.734  -2.739  -2.745  -2.754  -2.762  -2.762  -2.759  -2.757  -2.756  -2.757  -2.757  -2.756  -2.756  -2.756  -2.756  -2.750  -2.738  -2.731  -2.732  -2.732  -2.718  -2.681  -2.633  -2.579  -2.515  -2.440  -2.356  -2.262  -2.162  -2.057  -1.938  -1.805  -1.669  -1.531  -1.394  -1.262  -1.132  -1.001  -0.867  -0.731  -0.697  -0.697  -0.697  -0.697  -0.697  -0.697  -0.697  -0.697  -0.697  -0.697  -0.697  -0.697  -0.697  -0.697
   3.180  -2.667  -2.667  -2.667  -2.667  -2.667  -2.667  -2.667  -2.667  -2.667  -2.667  -2.667  -2.667  -2.667  -2.667  -2.667  -2.667  -2.667  -2.667  -2.667  -2.667  -2.667  -2.667  -2.667  -2.667  -2.667  -2.667  -2.667  -2.667  -2.667  -2.666  -2.662  -2.660  -2.663  -2.671  -2.678  -2.685  -2.689  -2.689  -2.689  -2.689  -2.688  -2.687  -2.687  -2.686  -2.685  -2.684  -2.681  -2.672  -2.660  -2.656  -2.661  -2.665  -2.651  -2.615  -2.574  -2.527  -2.470  -2.401  -2.323  -2.238  -2.146  -2.041  -1.920  -1.789  -1.657  -1.520  -1.383  -1.250  -1.120  -0.987  -0.854  -0.719  -0.712  -0.712  -0.712  -0.712  -0.712  -0.712  -0.712  -0.712  -0.712  -0.712  -0.712  -0.712  -0.712  -0.712
   3.190  -2.603  -2.603  -2.603  -2.603  -2.603  -2.603  -2.603  -2.603  -2.603  -2.603  -2.603  -2.603  -2.603  -2.603  -2.603  -2.603  -2.603  -2.603  -2.603  -2.603  -2.603  -2.603  -2.603  -2.603  -2.603  -2.603  -2.603  -2.603  -2.603  -2.601  -2.598  -2.597  -2.599  -2.603  -2.607  -2.610  -2.611  -2.609  -2.609  -2.610  -2.617  -2.623  -2.627  -2.629  -2.628  -2.626  -2.622  -2.612  -2.600  -2.595  -2.594  -2.589  -2.566  -2.531  -2.498  -2.464  -2.419  -2.358  -2.286  -2.207  -2.116  -2.013  -1.896  -1.768  -1.641  -1.506  -1.370  -1.236  -1.104  -0.971  -0.838  -0.724  -0.725  -0.725  -0.725  -0.725  -0.725  -0.725  -0.725  -0.725  -0.725  -0.725  -0.725  -0.725  -0.725  -0.725
   3.200  -2.542  -2.542  -2.542  -2.542  -2.542  -2.542  -2.542  -2.542  -2.542  -2.542  -2.542  -2.542  -2.542  -2.542  -2.542  -2.542  -2.542  -2.542  -2.542  -2.542  -2.542  -2.542  -2.542  -2.542  -2.542  -2.542  -2.542  -2.542  -2.542  -2.541  -2.539  -2.538  -2.538  -2.538  -2.537  -2.537  -2.535  -2.532  -2.530  -2.535  -2.550  -2.561  -2.568  -2.572  -2.572  -2.569  -2.565  -2.556  -2.546  -2.537  -2.527  -2.510  -2.480  -2.447  -2.422  -2.400  -2.363  -2.309  -2.242  -2.165  -2.077  -1.978  -1.869  -1.749  -1.623  -1.488  -1.354  -1.219  -1.086  -0.953  -0.820  -0.735  -0.735  -0.735  -0.735  -0.735  -0.735  -0.735  -0.735  -0.735  -0.735  -0.735  -0.735  -0.735  -0.735  -0.735
   3.210  -2.483  -2.483  -2.483  -2.483  -2.483  -2.483  -2.483  -2.483  -2.483  -2.483  -2.483  -2.483  -2.483  -2.483  -2.483  -2.483  -2.483  -2.483  -2.483  -2.483  -2.483  -2.483  -2.483  -2.483  -2.483  -2.483  -2.483  -2.483  -2.483  -2.482  -2.481  -2.480  -2.478  -2.477  -2.475  -2.473  -2.470  -2.466  -2.464  -2.471  -2.484  -2.493  -2.499  -2.502  -2.502  -2.500  -2.497  -2.494  -2.488  -2.478  -2.463  -2.441  -2.410  -2.380  -2.359  -2.337  -2.299  -2.245  -2.182  -2.113  -2.034  -1.943  -1.841  -1.729  -1.601  -1.465  -1.331  -1.198  -1.065  -0.932  -0.800  -0.741  -0.741  -0.741  -0.741  -0.741  -0.741  -0.741  -0.741  -0.741  -0.741  -0.741  -0.741  -0.741  -0.741  -0.741
   3.220  -2.427  -2.427  -2.427  -2.427  -2.427  -2.427  -2.427  -2.427  -2.427  -2.427  -2.427  -2.427  -2.427  -2.427  -2.427  -2.427  -2.427  -2.427  -2.427  -2.427  -2.427  -2.427  -2.427  -2.427  -2.427  -2.427  -2.427  -2.427  -2.427  -2.426  -2.425  -2.424  -2.422  -2.421  -2.419  -2.417  -2.414  -2.411  -2.409  -2.412  -2.417  -2.419  -2.420  -2.421  -2.421  -2.421  -2.424  -2.431  -2.432  -2.422  -2.405  -2.383  -2.355  -2.325  -2.299  -2.269  -2.223  -2.166  -2.107  -2.052  -1.989  -1.906  -1.809  -1.699  -1.568  -1.431  -1.300  -1.170  -1.039  -0.908  -0.777  -0.744  -0.744  -0.744  -0.744  -0.744  -0.744  -0.744  -0.744  -0.744  -0.744  -0.744  -0.744  -0.744  -0.744  -0.744
   3.230  -2.374  -2.374  -2.374  -2.374  -2.374  -2.374  -2.374  -2.374  -2.374  -2.374  -2.374  -2.374  -2.374  -2.374  -2.374  -2.374  -2.374  -2.374  -2.374  -2.374  -2.374  -2.374  -2.374  -2.374  -2.374  -2.374  -2.374  -2.374  -2.373  -2.372  -2.371  -2.370  -2.369  -2.368  -2.366  -2.364  -2.362  -2.360  -2.358  -2.355  -2.353  -2.350  -2.347  -2.346  -2.347  -2.348  -2.356  -2.368  -2.371  -2.360  -2.343  -2.323  -2.300  -2.271  -2.239  -2.200  -2.148  -2.089  -2.035  -1.992  -1.938  -1.862  -1.769  -1.660  -1.529  -1.394  -1.265  -1.137  -1.009  -0.880  -0.752  -0.745  -0.745  -0.745  -0.745  -0.745  -0.745  -0.745  -0.745  -0.745  -0.745  -0.745  -0.745  -0.745  -0.745  -0.745
   3.240  -2.323  -2.323  -2.323  -2.323  -2.323  -2.323  -2.323  -2.323  -2.323  -2.323  -2.323  -2.323  -2.323  -2.323  -2.323  -2.323  -2.323  -2.323  -2.323  -2.323  -2.323  -2.323  -2.323  -2.323  -2.323  -2.323  -2.323  -2.323  -2.322  -2.321  -2.319  -2.318  -2.317  -2.316  -2.314  -2.313  -2.311  -2.309  -2.306  -2.303  -2.299  -2.295  -2.291  -2.289  -2.288  -2.287  -2.292  -2.298  -2.294  -2.279  -2.265  -2.253  -2.239  -2.218  -2.180  -2.135  -2.083  -2.026  -1.975  -1.930  -1.874  -1.802  -1.716  -1.613  -1.491  -1.362  -1.229  -1.094  -0.966  -0.840  -0.736  -0.736  -0.736  -0.736  -0.736  -0.736  -0.736  -0.736  -0.736  -0.736  -0.736  -0.736  -0.736  -0.736  -0.736  -0.736
   3.250  -2.277  -2.277  -2.277  -2.277  -2.277  -2.277  -2.277  -2.277  -2.277  -2.277  -2.277  -2.277  -2.277  -2.277  -2.277  -2.277  -2.277  -2.277  -2.277  -2.277  -2.277  -2.277  -2.277  -2.277  -2.277  -2.277  -2.277  -2.277  -2.274  -2.272  -2.270  -2.268  -2.267  -2.266  -2.265  -2.263  -2.262  -2.260  -2.258  -2.255  -2.252  -2.249  -2.245  -2.241  -2.237  -2.232  -2.229  -2.223  -2.211  -2.193  -2.186  -2.183  -2.180  -2.163  -2.118  -2.071  -2.022  -1.969  -1.917  -1.862  -1.801  -1.735  -1.658  -1.563  -1.453  -1.329  -1.187  -1.043  -0.914  -0.791  -0.715  -0.715  -0.715  -0.715  -0.715  -0.715  -0.715  -0.715  -0.715  -0.715  -0.715  -0.715  -0.715  -0.715  -0.715  -0.715
   3.260  -2.239  -2.239  -2.239  -2.239  -2.239  -2.239  -2.239  -2.239  -2.239  -2.239  -2.239  -2.239  -2.239  -2.239  -2.239  -2.239  -2.239  -2.239  -2.239  -2.239  -2.239  -2.239  -2.239  -2.239  -2.239  -2.239  -2.239  -2.236  -2.230  -2.227  -2.224  -2.222  -2.220  -2.218  -2.217  -2.215  -2.214  -2.212  -2.210  -2.208  -2.205  -2.202  -2.199  -2.194  -2.188  -2.181  -2.173  -2.163  -2.147  -2.131  -2.124  -2.120  -2.116  -2.092  -2.045  -2.002  -1.960  -1.913  -1.857  -1.796  -1.736  -1.677  -1.605  -1.515  -1.411  -1.289  -1.145  -1.002  -0.872  -0.749  -0.696  -0.696  -0.696  -0.696  -0.696  -0.696  -0.696  -0.696  -0.696  -0.696  -0.696  -0.696  -0.696  -0.696  -0.696  -0.696
   3.270  -2.210  -2.210  -2.210  -2.210  -2.210  -2.210  -2.210  -2.210  -2.210  -2.210  -2.210  -2.210  -2.210  -2.210  -2.210  -2.210  -2.210  -2.210  -2.210  -2.210  -2.210  -2.210  -2.210  -2.210  -2.210  -2.210  -2.210  -2.198  -2.186  -2.184  -2.180  -2.177  -2.175  -2.173  -2.171  -2.169  -2.168  -2.166  -2.165  -2.162  -2.160  -2.157  -2.153  -2.149  -2.144  -2.137  -2.129  -2.118  -2.104  -2.089  -2.074  -2.058  -2.038  -2.003  -1.960  -1.927  -1.899  -1.858  -1.798  -1.732  -1.676  -1.624  -1.557  -1.468  -1.365  -1.245  -1.108  -0.972  -0.840  -0.709  -0.677  -0.677  -0.677  -0.677  -0.677  -0.677  -0.677  -0.677  -0.677  -0.677  -0.677  -0.677  -0.677  -0.677  -0.677  -0.677
   3.280  -2.200  -2.200  -2.200  -2.200  -2.200  -2.200  -2.200  -2.200  -2.200  -2.200  -2.200  -2.200  -2.200  -2.200  -2.200  -2.200  -2.200  -2.200  -2.200  -2.200  -2.200  -2.200  -2.200  -2.200  -2.200  -2.200  -2.199  -2.181  -2.164  -2.150  -2.142  -2.137  -2.133  -2.130  -2.128  -2.126  -2.124  -2.122  -2.120  -2.118  -2.116  -2.113  -2.110  -2.106  -2.101  -2.095  -2.087  -2.077  -2.065  -2.049  -2.027  -2.001  -1.969  -1.929  -1.891  -1.863  -1.839  -1.797  -1.733  -1.667  -1.616  -1.569  -1.502  -1.416  -1.316  -1.199  -1.069  -0.938  -0.804  -0.667  -0.659  -0.659  -0.659  -0.659  -0.659  -0.659  -0.659  -0.659  -0.659  -0.659  -0.659  -0.659  -0.659  -0.659  -0.659  -0.659
   3.290  -2.235  -2.235  -2.235  -2.235  -2.235  -2.235  -2.235  -2.235  -2.235  -2.235  -2.235  -2.235  -2.235  -2.235  -2.235  -2.235  -2.235  -2.235  -2.235  -2.235  -2.235  -2.235  -2.235  -2.235  -2.235  -2.236  -2.221  -2.186  -2.150  -2.121  -2.106  -2.095  -2.087  -2.082  -2.078  -2.080  -2.082  -2.080  -2.078  -2.076  -2.074  -2.071  -2.068  -2.064  -2.059  -2.053  -2.045  -2.035  -2.024  -2.007  -1.986  -1.959  -1.926  -1.887  -1.847  -1.810  -1.771  -1.720  -1.657  -1.597  -1.549  -1.501  -1.436  -1.357  -1.264  -1.150  -1.025  -0.896  -0.763  -0.645  -0.645  -0.645  -0.645  -0.645  -0.645  -0.645  -0.645  -0.645  -0.645  -0.645  -0.645  -0.645  -0.645  -0.645  -0.645  -0.645
   3.300  -2.328  -2.328  -2.328  -2.328  -2.328  -2.328  -2.328  -2.328  -2.328  -2.328  -2.328  -2.328  -2.328  -2.328  -2.328  -2.328  -2.328  -2.328  -2.328  -2.328  -2.328  -2.328  -2.328  -2.328  -2.328  -2.329  -2.269  -2.195  -2.139  -2.103  -2.084  -2.069  -2.058  -2.052  -2.046  -2.045  -2.043  -2.040  -2.038  -2.035  -2.033  -2.030  -2.027  -2.023  -2.018  -2.012  -2.004  -1.995  -1.983  -1.967  -1.947  -1.923  -1.891  -1.853  -1.809  -1.758  -1.702  -1.645  -1.585  -1.530  -1.483  -1.432  -1.370  -1.299  -1.209  -1.099  -0.976  -0.851  -0.719  -0.629  -0.629  -0.629  -0.629  -0.629  -0.629  -0.629  -0.629  -0.629  -0.629  -0.629  -0.629  -0.629  -0.629  -0.629  -0.629  -0.629
   3.310  -2.509  -2.509  -2.509  -2.509  -2.509  -2.509  -2.509  -2.509  -2.509  -2.509  -2.509  -2.509  -2.509  -2.509  -2.509  -2.509  -2.509  -2.509  -2.509  -2.509  -2.509  -2.509  -2.509  -2.509  -2.509  -2.496  -2.368  -2.245  -2.169  -2.123  -2.094  -2.075  -2.061  -2.052  -2.043  -2.020  -2.008  -2.003  -1.998  -1.994  -1.991  -1.990  -1.987  -1.983  -1.978  -1.972  -1.965  -1.955  -1.944  -1.928  -1.909  -1.884  -1.852  -1.815  -1.767  -1.708  -1.646  -1.587  -1.529  -1.476  -1.427  -1.373  -1.311  -1.242  -1.152  -1.042  -0.922  -0.800  -0.670  -0.608  -0.608  -0.608  -0.608  -0.608  -0.608  -0.608  -0.608  -0.608  -0.608  -0.608  -0.608  -0.608  -0.608  -0.608  -0.608  -0.608
   3.320  -2.797  -2.797  -2.797  -2.797  -2.797  -2.797  -2.797  -2.797  -2.797  -2.797  -2.797  -2.797  -2.797  -2.797  -2.797  -2.797  -2.797  -2.797  -2.797  -2.797  -2.797  -2.797  -2.797  -2.797  -2.797  -2.744  -2.546  -2.379  -2.271  -2.191  -2.132  -2.099  -2.074  -2.056  -2.034  -1.995  -1.976  -1.966  -1.957  -1.951  -1.946  -1.950  -1.948  -1.944  -1.940  -1.934  -1.927  -1.917  -1.905  -1.890  -1.871  -1.846  -1.815  -1.777  -1.727  -1.665  -1.602  -1.543  -1.486  -1.432  -1.378  -1.319  -1.255  -1.182  -1.088  -0.977  -0.861  -0.742  -0.616  -0.583  -0.583  -0.583  -0.583  -0.583  -0.583  -0.583  -0.583  -0.583  -0.583  -0.583  -0.583  -0.583  -0.583  -0.583  -0.583  -0.583
   3.330  -3.148  -3.148  -3.148  -3.148  -3.148  -3.148  -3.148  -3.148  -3.148  -3.148  -3.148  -3.148  -3.148  -3.148  -3.148  -3.148  -3.148  -3.148  -3.148  -3.148  -3.148  -3.148  -3.148  -3.148  -3.148  -3.016  -2.776  -2.568  -2.416  -2.288  -2.194  -2.137  -2.093  -2.061  -2.021  -1.971  -1.945  -1.930  -1.917  -1.909  -1.905  -1.912  -1.910  -1.907  -1.902  -1.897  -1.889  -1.880  -1.868  -1.853  -1.833  -1.808  -1.777  -1.739  -1.689  -1.629  -1.568  -1.509  -1.451  -1.393  -1.334  -1.268  -1.199  -1.119  -1.020  -0.908  -0.795  -0.681  -0.565  -0.554  -0.554  -0.554  -0.554  -0.554  -0.554  -0.554  -0.554  -0.554  -0.554  -0.554  -0.554  -0.554  -0.554  -0.554  -0.554  -0.554
   3.340  -3.521  -3.521  -3.521  -3.521  -3.521  -3.521  -3.521  -3.521  -3.521  -3.521  -3.521  -3.521  -3.521  -3.521  -3.521  -3.521  -3.521  -3.521  -3.521  -3.521  -3.521  -3.521  -3.521  -3.521  -3.521  -3.294  -3.027  -2.788  -2.583  -2.405  -2.274  -2.185  -2.115  -2.064  -2.007  -1.950  -1.919  -1.899  -1.882  -1.871  -1.870  -1.877  -1.874  -1.871  -1.866  -1.861  -1.853  -1.843  -1.831  -1.815  -1.796  -1.770  -1.740  -1.702  -1.653  -1.596  -1.538  -1.479  -1.418  -1.357  -1.291  -1.219  -1.143  -1.055  -0.951  -0.838  -0.729  -0.620  -0.523  -0.523  -0.523  -0.523  -0.523  -0.523  -0.523  -0.523  -0.523  -0.523  -0.523  -0.523  -0.523  -0.523  -0.523  -0.523  -0.523  -0.523
   3.350  -3.871  -3.871  -3.871  -3.871  -3.871  -3.871  -3.871  -3.871  -3.871  -3.871  -3.871  -3.871  -3.871  -3.871  -3.871  -3.871  -3.871  -3.871  -3.871  -3.871  -3.871  -3.871  -3.871  -3.871  -3.844  -3.558  -3.273  -3.006  -2.756  -2.536  -2.369  -2.240  -2.137  -2.063  -1.993  -1.933  -1.898  -1.875  -1.856  -1.844  -1.843  -1.844  -1.841  -1.836  -1.831  -1.824  -1.816  -1.806  -1.793  -1.777  -1.757  -1.732  -1.701  -1.663  -1.617  -1.564  -1.508  -1.448  -1.385  -1.319  -1.248  -1.170  -1.086  -0.992  -0.883  -0.772  -0.665  -0.561  -0.492  -0.492  -0.492  -0.492  -0.492  -0.492  -0.492  -0.492  -0.492  -0.492  -0.492  -0.492  -0.492  -0.492  -0.492  -0.492  -0.492  -0.492
   3.360  -4.157  -4.157  -4.157  -4.157  -4.157  -4.157  -4.157  -4.157  -4.157  -4.157  -4.157  -4.157  -4.157  -4.157  -4.157  -4.157  -4.157  -4.157  -4.157  -4.157  -4.157  -4.157  -4.157  -4.157  -4.080  -3.779  -3.488  -3.203  -2.928  -2.682  -2.473  -2.296  -2.157  -2.057  -1.980  -1.922  -1.887  -1.862  -1.842  -1.830  -1.822  -1.816  -1.809  -1.802  -1.795  -1.788  -1.779  -1.768  -1.754  -1.738  -1.718  -1.692  -1.661  -1.623  -1.578  -1.528  -1.473  -1.412  -1.346  -1.277  -1.202  -1.120  -1.031  -0.932  -0.822  -0.712  -0.608  -0.506  -0.460  -0.460  -0.460  -0.460  -0.460  -0.460  -0.460  -0.460  -0.460  -0.460  -0.460  -0.460  -0.460  -0.460  -0.460  -0.460  -0.460  -0.460
   3.370  -4.375  -4.375  -4.375  -4.375  -4.375  -4.375  -4.375  -4.375  -4.375  -4.375  -4.375  -4.375  -4.375  -4.375  -4.375  -4.375  -4.375  -4.375  -4.375  -4.375  -4.375  -4.375  -4.375  -4.375  -4.259  -3.976  -3.698  -3.416  -3.137  -2.877  -2.618  -2.393  -2.217  -2.087  -2.001  -1.936  -1.895  -1.864  -1.843  -1.829  -1.805  -1.789  -1.776  -1.766  -1.757  -1.749  -1.740  -1.728  -1.714  -1.697  -1.676  -1.650  -1.619  -1.581  -1.537  -1.487  -1.431  -1.370  -1.304  -1.232  -1.154  -1.071  -0.980  -0.879  -0.769  -0.660  -0.556  -0.453  -0.429  -0.429  -0.429  -0.429  -0.429  -0.429  -0.429  -0.429  -0.429  -0.429  -0.429  -0.429  -0.429  -0.429  -0.429  -0.429  -0.429  -0.429
   3.380  -4.578  -4.578  -4.578  -4.578  -4.578  -4.578  -4.578  -4.578  -4.578  -4.578  -4.578  -4.578  -4.578  -4.578  -4.578  -4.578  -4.578  -4.578  -4.578  -4.578  -4.578  -4.578  -4.578  -4.578  -4.445  -4.208  -3.962  -3.701  -3.430  -3.148  -2.840  -2.580  -2.371  -2.209  -2.092  -1.998  -1.929  -1.880  -1.850  -1.828  -1.785  -1.760  -1.740  -1.724  -1.714  -1.709  -1.699  -1.687  -1.673  -1.656  -1.634  -1.609  -1.577  -1.539  -1.495  -1.445  -1.389  -1.327  -1.261  -1.188  -1.109  -1.025  -0.933  -0.831  -0.722  -0.613  -0.506  -0.403  -0.396  -0.396  -0.396  -0.396  -0.396  -0.396  -0.396  -0.396  -0.396  -0.396  -0.396  -0.396  -0.396  -0.396  -0.396  -0.396  -0.396  -0.396
   3.390  -4.751  -4.751  -4.751  -4.751  -4.751  -4.751  -4.751  -4.751  -4.751  -4.751  -4.751  -4.751  -4.751  -4.751  -4.751  -4.751  -4.751  -4.751  -4.751  -4.751  -4.751  -4.751  -4.751  -4.751  -4.627  -4.444  -4.238  -4.005  -3.741  -3.432  -3.095  -2.817  -2.578  -2.379  -2.220  -2.085  -1.980  -1.907  -1.860  -1.823  -1.767  -1.732  -1.703  -1.682  -1.674  -1.669  -1.658  -1.645  -1.631  -1.614  -1.592  -1.566  -1.534  -1.496  -1.451  -1.401  -1.345  -1.284  -1.217  -1.144  -1.066  -0.981  -0.888  -0.786  -0.678  -0.568  -0.457  -0.360  -0.362  -0.362  -0.362  -0.362  -0.362  -0.362  -0.362  -0.362  -0.362  -0.362  -0.362  -0.362  -0.362  -0.362  -0.362  -0.362  -0.362  -0.362
   3.400  -4.881  -4.881  -4.881  -4.881  -4.881  -4.881  -4.881  -4.881  -4.881  -4.881  -4.881  -4.881  -4.881  -4.881  -4.881  -4.881  -4.881  -4.881  -4.881  -4.881  -4.881  -4.881  -4.881  -4.877  -4.781  -4.645  -4.473  -4.264  -4.006  -3.686  -3.344  -3.060  -2.794  -2.560  -2.358  -2.181  -2.039  -1.941  -1.871  -1.811  -1.750  -1.706  -1.671  -1.647  -1.638  -1.630  -1.618  -1.603  -1.588  -1.570  -1.547  -1.521  -1.489  -1.450  -1.406  -1.356  -1.300  -1.238  -1.172  -1.100  -1.021  -0.936  -0.844  -0.742  -0.634  -0.522  -0.405  -0.328  -0.328  -0.328  -0.328  -0.328  -0.328  -0.328  -0.328  -0.328  -0.328  -0.328  -0.328  -0.328  -0.328  -0.328  -0.328  -0.328  -0.328  -0.328
   3.410  -4.952  -4.952  -4.952  -4.952  -4.952  -4.952  -4.952  -4.952  -4.952  -4.952  -4.952  -4.952  -4.952  -4.952  -4.952  -4.952  -4.952  -4.952  -4.952  -4.952  -4.952  -4.952  -4.952  -4.942  -4.873  -4.762  -4.608  -4.412  -4.166  -3.866  -3.551  -3.264  -2.979  -2.720  -2.485  -2.277  -2.107  -1.979  -1.879  -1.799  -1.736  -1.687  -1.650  -1.624  -1.609  -1.593  -1.578  -1.561  -1.544  -1.524  -1.501  -1.474  -1.441  -1.402  -1.358  -1.308  -1.252  -1.191  -1.125  -1.053  -0.975  -0.890  -0.797  -0.697  -0.589  -0.474  -0.353  -0.296  -0.296  -0.296  -0.296  -0.296  -0.296  -0.296  -0.296  -0.296  -0.296  -0.296  -0.296  -0.296  -0.296  -0.296  -0.296  -0.296  -0.296  -0.296
   3.420  -4.956  -4.956  -4.956  -4.956  -4.956  -4.956  -4.956  -4.956  -4.956  -4.956  -4.956  -4.956  -4.956  -4.956  -4.956  -4.956  -4.956  -4.956  -4.956  -4.956  -4.956  -4.956  -4.956  -4.939  -4.869  -4.758  -4.603  -4.406  -4.195  -3.950  -3.689  -3.402  -3.114  -2.847  -2.599  -2.378  -2.192  -2.028  -1.894  -1.797  -1.733  -1.682  -1.644  -1.618  -1.582  -1.559  -1.538  -1.517  -1.498  -1.476  -1.451  -1.423  -1.389  -1.350  -1.306  -1.256  -1.201  -1.140  -1.075  -1.003  -0.925  -0.840  -0.747  -0.647  -0.539  -0.423  -0.299  -0.265  -0.265  -0.265  -0.265  -0.265  -0.265  -0.265  -0.265  -0.265  -0.265  -0.265  -0.265  -0.265  -0.265  -0.265  -0.265  -0.265  -0.265  -0.265
   3.430  -4.914  -4.914  -4.914  -4.914  -4.914  -4.914  -4.914  -4.914  -4.914  -4.914  -4.914  -4.914  -4.914  -4.914  -4.914  -4.914  -4.914  -4.914  -4.914  -4.914  -4.914  -4.914  -4.914  -4.890  -4.820  -4.713  -4.566  -4.373  -4.210  -4.018  -3.798  -3.531  -3.259  -3.002  -2.756  -2.531  -2.330  -2.138  -1.971  -1.847  -1.765  -1.698  -1.647  -1.614  -1.556  -1.521  -1.490  -1.465  -1.446  -1.422  -1.396  -1.366  -1.333  -1.294  -1.250  -1.201  -1.147  -1.087  -1.022  -0.951  -0.874  -0.789  -0.696  -0.596  -0.488  -0.371  -0.249  -0.238  -0.238  -0.238  -0.238  -0.238  -0.238  -0.238  -0.238  -0.238  -0.238  -0.238  -0.238  -0.238  -0.238  -0.238  -0.238  -0.238  -0.238  -0.238
   3.440  -4.842  -4.842  -4.842  -4.842  -4.842  -4.842  -4.842  -4.842  -4.842  -4.842  -4.842  -4.842  -4.842  -4.842  -4.842  -4.842  -4.842  -4.842  -4.842  -4.842  -4.842  -4.842  -4.842  -4.813  -4.749  -4.653  -4.526  -4.355  -4.230  -4.081  -3.892  -3.658  -3.416  -3.177  -2.941  -2.716  -2.500  -2.288  -2.088  -1.927  -1.817  -1.725  -1.651  -1.601  -1.528  -1.479  -1.438  -1.409  -1.391  -1.364  -1.337  -1.307  -1.273  -1.235  -1.192  -1.144  -1.091  -1.033  -0.969  -0.898  -0.821  -0.737  -0.644  -0.544  -0.436  -0.319  -0.210  -0.212  -0.212  -0.212  -0.212  -0.212  -0.212  -0.212  -0.212  -0.212  -0.212  -0.212  -0.212  -0.212  -0.212  -0.212  -0.212  -0.212  -0.212  -0.212
   3.450  -4.754  -4.754  -4.754  -4.754  -4.754  -4.754  -4.754  -4.754  -4.754  -4.754  -4.754  -4.754  -4.754  -4.754  -4.754  -4.754  -4.754  -4.754  -4.754  -4.754  -4.754  -4.754  -4.753  -4.722  -4.666  -4.589  -4.483  -4.346  -4.250  -4.133  -3.972  -3.777  -3.568  -3.350  -3.125  -2.901  -2.672  -2.447  -2.214  -2.015  -1.875  -1.753  -1.656  -1.583  -1.500  -1.437  -1.386  -1.355  -1.335  -1.306  -1.277  -1.245  -1.211  -1.174  -1.132  -1.085  -1.033  -0.976  -0.913  -0.843  -0.767  -0.683  -0.591  -0.491  -0.383  -0.267  -0.186  -0.187  -0.187  -0.187  -0.187  -0.187  -0.187  -0.187  -0.187  -0.187  -0.187  -0.187  -0.187  -0.187  -0.187  -0.187  -0.187  -0.187  -0.187  -0.187
   3.460  -4.662  -4.662  -4.662  -4.662  -4.662  -4.662  -4.662  -4.662  -4.662  -4.662  -4.662  -4.662  -4.662  -4.662  -4.662  -4.662  -4.662  -4.662  -4.662  -4.662  -4.662  -4.662  -4.658  -4.628  -4.583  -4.525  -4.442  -4.342  -4.265  -4.169  -4.035  -3.874  -3.693  -3.493  -3.278  -3.053  -2.815  -2.581  -2.324  -2.098  -1.927  -1.777  -1.659  -1.564  -1.473  -1.398  -1.340  -1.307  -1.280  -1.248  -1.217  -1.184  -1.149  -1.112  -1.070  -1.025  -0.974  -0.918  -0.855  -0.786  -0.711  -0.627  -0.535  -0.436  -0.329  -0.214  -0.160  -0.160  -0.160  -0.160  -0.160  -0.160  -0.160  -0.160  -0.160  -0.160  -0.160  -0.160  -0.160  -0.160  -0.160  -0.160  -0.160  -0.160  -0.160  -0.160
   3.470  -4.580  -4.580  -4.580  -4.580  -4.580  -4.580  -4.580  -4.580  -4.580  -4.580  -4.580  -4.580  -4.580  -4.580  -4.580  -4.580  -4.580  -4.580  -4.580  -4.580  -4.580  -4.580  -4.571  -4.544  -4.508  -4.467  -4.407  -4.338  -4.272  -4.185  -4.070  -3.931  -3.767  -3.576  -3.367  -3.139  -2.897  -2.656  -2.394  -2.159  -1.966  -1.794  -1.657  -1.545  -1.449  -1.368  -1.306  -1.267  -1.229  -1.193  -1.158  -1.123  -1.088  -1.049  -1.008  -0.963  -0.912  -0.857  -0.795  -0.727  -0.652  -0.568  -0.477  -0.378  -0.272  -0.159  -0.130  -0.130  -0.130  -0.130  -0.130  -0.130  -0.130  -0.130  -0.130  -0.130  -0.130  -0.130  -0.130  -0.130  -0.130  -0.130  -0.130  -0.130  -0.130  -0.130
   3.480  -4.519  -4.519  -4.519  -4.519  -4.519  -4.519  -4.519  -4.519  -4.519  -4.519  -4.519  -4.519  -4.519  -4.519  -4.519  -4.519  -4.519  -4.519  -4.519  -4.519  -4.519  -4.519  -4.504  -4.477  -4.446  -4.413  -4.379  -4.328  -4.263  -4.174  -4.062  -3.926  -3.762  -3.571  -3.362  -3.131  -2.888  -2.649  -2.413  -2.190  -1.987  -1.807  -1.650  -1.529  -1.434  -1.354  -1.292  -1.235  -1.184  -1.143  -1.103  -1.065  -1.027  -0.987  -0.945  -0.899  -0.849  -0.794  -0.732  -0.664  -0.589  -0.506  -0.416  -0.318  -0.213  -0.102  -0.096  -0.096  -0.096  -0.096  -0.096  -0.096  -0.096  -0.096  -0.096  -0.096  -0.096  -0.096  -0.096  -0.096  -0.096  -0.096  -0.096  -0.096  -0.096  -0.096
   3.490  -4.468  -4.468  -4.468  -4.468  -4.468  -4.468  -4.468  -4.468  -4.468  -4.468  -4.468  -4.468  -4.468  -4.468  -4.468  -4.468  -4.468  -4.468  -4.468  -4.468  -4.468  -4.467  -4.441  -4.410  -4.378  -4.345  -4.331  -4.278  -4.210  -4.119  -4.004  -3.867  -3.703  -3.516  -3.312  -3.087  -2.849  -2.624  -2.418  -2.210  -2.010  -1.830  -1.658  -1.537  -1.437  -1.351  -1.282  -1.206  -1.146  -1.096  -1.050  -1.007  -0.966  -0.923  -0.880  -0.833  -0.782  -0.727  -0.666  -0.598  -0.523  -0.441  -0.351  -0.255  -0.151  -0.056  -0.058  -0.058  -0.058  -0.058  -0.058  -0.058  -0.058  -0.058  -0.058  -0.058  -0.058  -0.058  -0.058  -0.058  -0.058  -0.058  -0.058  -0.058  -0.058  -0.058
   3.500  -4.421  -4.421  -4.421  -4.421  -4.421  -4.421  -4.421  -4.421  -4.421  -4.421  -4.421  -4.421  -4.421  -4.421  -4.421  -4.421  -4.421  -4.421  -4.421  -4.421  -4.421  -4.415  -4.377  -4.339  -4.300  -4.261  -4.250  -4.189  -4.117  -4.024  -3.909  -3.774  -3.615  -3.438  -3.246  -3.037  -2.809  -2.605  -2.425  -2.229  -2.040  -1.864  -1.687  -1.562  -1.452  -1.353  -1.268  -1.180  -1.110  -1.050  -0.996  -0.949  -0.902  -0.857  -0.812  -0.764  -0.713  -0.657  -0.596  -0.529  -0.455  -0.373  -0.284  -0.189  -0.087  -0.017  -0.018  -0.018  -0.018  -0.018  -0.018  -0.018  -0.018  -0.018  -0.018  -0.018  -0.018  -0.018  -0.018  -0.018  -0.018  -0.018  -0.018  -0.018  -0.018  -0.018
   3.525  -4.326  -4.326  -4.326  -4.326  -4.326  -4.326  -4.326  -4.326  -4.326  -4.326  -4.326  -4.326  -4.326  -4.326  -4.326  -4.326  -4.326  -4.326  -4.326  -4.326  -4.326  -4.291  -4.231  -4.169  -4.104  -4.040  -3.978  -3.901  -3.817  -3.717  -3.604  -3.481  -3.348  -3.208  -3.061  -2.901  -2.718  -2.573  -2.428  -2.271  -2.112  -1.949  -1.784  -1.633  -1.484  -1.341  -1.223  -1.113  -1.014  -0.930  -0.859  -0.796  -0.738  -0.686  -0.634  -0.582  -0.530  -0.473  -0.412  -0.346  -0.273  -0.194  -0.109  -0.018   0.080   0.092   0.092   0.092   0.092   0.092   0.092   0.092   0.092   0.092   0.092   0.092   0.092   0.092   0.092   0.092   0.092   0.092   0.092   0.092   0.092   0.092
   3.550  -4.278  -4.278  -4.278  -4.278  -4.278  -4.278  -4.278  -4.278  -4.278  -4.278  -4.278  -4.278  -4.278  -4.278  -4.278  -4.278  -4.278  -4.278  -4.278  -4.278  -4.275  -4.225  -4.163  -4.089  -4.004  -3.911  -3.811  -3.705  -3.593  -3.481  -3.366  -3.248  -3.127  -3.006  -2.886  -2.771  -2.656  -2.525  -2.388  -2.245  -2.096  -1.937  -1.773  -1.610  -1.445  -1.288  -1.137  -1.009  -0.895  -0.798  -0.715  -0.640  -0.573  -0.513  -0.454  -0.398  -0.341  -0.282  -0.222  -0.156  -0.085  -0.009   0.071   0.156   0.211   0.211   0.211   0.211   0.211   0.211   0.211   0.211   0.211   0.211   0.211   0.211   0.211   0.211   0.211   0.211   0.211   0.211   0.211   0.211   0.211   0.211
   3.575  -4.255  -4.255  -4.255  -4.255  -4.255  -4.255  -4.255  -4.255  -4.255  -4.255  -4.255  -4.255  -4.255  -4.255  -4.255  -4.255  -4.255  -4.255  -4.255  -4.255  -4.239  -4.197  -4.135  -4.052  -3.953  -3.843  -3.718  -3.587  -3.455  -3.327  -3.199  -3.069  -2.940  -2.814  -2.689  -2.584  -2.464  -2.334  -2.199  -2.061  -1.917  -1.766  -1.612  -1.458  -1.304  -1.152  -1.007  -0.879  -0.763  -0.660  -0.568  -0.483  -0.407  -0.336  -0.270  -0.208  -0.146  -0.085  -0.023   0.043   0.110   0.181   0.255   0.330   0.340   0.340   0.340   0.340   0.340   0.340   0.340   0.340   0.340   0.340   0.340   0.340   0.340   0.340   0.340   0.340   0.340   0.340   0.340   0.340   0.340   0.340
   3.600  -4.247  -4.247  -4.247  -4.247  -4.247  -4.247  -4.247  -4.247  -4.247  -4.247  -4.247  -4.247  -4.247  -4.247  -4.247  -4.247  -4.247  -4.247  -4.247  -4.246  -4.221  -4.174  -4.105  -4.013  -3.906  -3.783  -3.647  -3.504  -3.355  -3.203  -3.049  -2.893  -2.740  -2.588  -2.439  -2.294  -2.153  -2.016  -1.881  -1.749  -1.618  -1.490  -1.362  -1.235  -1.109  -0.985  -0.862  -0.744  -0.628  -0.519  -0.417  -0.322  -0.234  -0.153  -0.079  -0.008   0.059   0.123   0.186   0.249   0.312   0.376   0.441   0.479   0.479   0.479   0.479   0.479   0.479   0.479   0.479   0.479   0.479   0.479   0.479   0.479   0.479   0.479   0.479   0.479   0.479   0.479   0.479   0.479   0.479   0.479
   3.625  -4.247  -4.247  -4.247  -4.247  -4.247  -4.247  -4.247  -4.247  -4.247  -4.247  -4.247  -4.247  -4.247  -4.247  -4.247  -4.247  -4.247  -4.247  -4.247  -4.239  -4.206  -4.151  -4.073  -3.974  -3.862  -3.733  -3.595  -3.448  -3.295  -3.140  -2.982  -2.825  -2.668  -2.514  -2.364  -2.218  -2.076  -1.939  -1.805  -1.674  -1.547  -1.421  -1.296  -1.173  -1.051  -0.929  -0.810  -0.693  -0.579  -0.471  -0.371  -0.277  -0.190  -0.111  -0.038   0.032   0.098   0.162   0.226   0.287   0.350   0.414   0.479   0.490   0.490   0.490   0.490   0.490   0.490   0.490   0.490   0.490   0.490   0.490   0.490   0.490   0.490   0.490   0.490   0.490   0.490   0.490   0.490   0.490   0.490   0.490
   3.650  -4.247  -4.247  -4.247  -4.247  -4.247  -4.247  -4.247  -4.247  -4.247  -4.247  -4.247  -4.247  -4.247  -4.247  -4.247  -4.247  -4.247  -4.247  -4.247  -4.229  -4.188  -4.125  -4.038  -3.934  -3.815  -3.682  -3.541  -3.391  -3.237  -3.081  -2.923  -2.766  -2.610  -2.457  -2.309  -2.164  -2.024  -1.888  -1.756  -1.626  -1.499  -1.374  -1.250  -1.127  -1.005  -0.884  -0.766  -0.649  -0.537  -0.433  -0.335  -0.244  -0.160  -0.083  -0.011   0.057   0.122   0.186   0.249   0.311   0.374   0.438   0.490   0.490   0.490   0.490   0.490   0.490   0.490   0.490   0.490   0.490   0.490   0.490   0.490   0.490   0.490   0.490   0.490   0.490   0.490   0.490   0.490   0.490   0.490   0.490
   3.675  -4.247  -4.247  -4.247  -4.247  -4.247  -4.247  -4.247  -4.247  -4.247  -4.247  -4.247  -4.247  -4.247  -4.247  -4.247  -4.247  -4.247  -4.247  -4.244  -4.216  -4.167  -4.095  -4.000  -3.891  -3.766  -3.630  -3.486  -3.333  -3.179  -3.022  -2.864  -2.707  -2.552  -2.401  -2.254  -2.111  -1.973  -1.838  -1.707  -1.578  -1.452  -1.327  -1.204  -1.081  -0.959  -0.839  -0.722  -0.607  -0.497  -0.395  -0.300  -0.211  -0.131  -0.056   0.015   0.082   0.146   0.210   0.272   0.334   0.398   0.463   0.490   0.490   0.490   0.490   0.490   0.490   0.490   0.490   0.490   0.490   0.490   0.490   0.490   0.490   0.490   0.490   0.490   0.490   0.490   0.490   0.490   0.490   0.490   0.490
   3.700  -4.247  -4.247  -4.247  -4.247  -4.247  -4.247  -4.247  -4.247  -4.247  -4.247  -4.247  -4.247  -4.247  -4.247  -4.247  -4.247  -4.247  -4.247  -4.236  -4.200  -4.143  -4.061  -3.961  -3.846  -3.716  -3.577  -3.429  -3.275  -3.120  -2.962  -2.805  -2.649  -2.495  -2.346  -2.200  -2.059  -1.922  -1.789  -1.658  -1.531  -1.405  -1.281  -1.158  -1.036  -0.914  -0.795  -0.678  -0.565  -0.458  -0.359  -0.266  -0.180  -0.102  -0.029   0.041   0.106   0.171   0.233   0.295   0.358   0.422   0.487   0.490   0.490   0.490   0.490   0.490   0.490   0.490   0.490   0.490   0.490   0.490   0.490   0.490   0.490   0.490   0.490   0.490   0.490   0.490   0.490   0.490   0.490   0.490   0.490
   3.725  -4.247  -4.247  -4.247  -4.247  -4.247  -4.247  -4.247  -4.247  -4.247  -4.247  -4.247  -4.247  -4.247  -4.247  -4.247  -4.247  -4.247  -4.247  -4.225  -4.181  -4.115  -4.026  -3.920  -3.799  -3.664  -3.523  -3.372  -3.218  -3.061  -2.903  -2.746  -2.591  -2.438  -2.291  -2.147  -2.007  -1.872  -1.739  -1.610  -1.484  -1.358  -1.235  -1.112  -0.990  -0.869  -0.751  -0.635  -0.524  -0.420  -0.323  -0.233  -0.150  -0.074  -0.002   0.066   0.130   0.194   0.256   0.319   0.382   0.446   0.490   0.490   0.490   0.490   0.490   0.490   0.490   0.490   0.490   0.490   0.490   0.490   0.490   0.490   0.490   0.490   0.490   0.490   0.490   0.490   0.490   0.490   0.490   0.490   0.490
   3.750  -4.247  -4.247  -4.247  -4.247  -4.247  -4.247  -4.247  -4.247  -4.247  -4.247  -4.247  -4.247  -4.247  -4.247  -4.247  -4.247  -4.247  -4.242  -4.211  -4.159  -4.084  -3.988  -3.877  -3.750  -3.612  -3.467  -3.314  -3.159  -3.002  -2.844  -2.688  -2.533  -2.383  -2.236  -2.094  -1.956  -1.822  -1.690  -1.562  -1.436  -1.312  -1.188  -1.066  -0.944  -0.824  -0.707  -0.593  -0.484  -0.383  -0.288  -0.201  -0.121  -0.047   0.024   0.090   0.154   0.218   0.280   0.342   0.406   0.471   0.490   0.490   0.490   0.490   0.490   0.490   0.490   0.490   0.490   0.490   0.490   0.490   0.490   0.490   0.490   0.490   0.490   0.490   0.490   0.490   0.490   0.490   0.490   0.490   0.490
   3.775  -4.247  -4.247  -4.247  -4.247  -4.247  -4.247  -4.247  -4.247  -4.247  -4.247  -4.247  -4.247  -4.247  -4.247  -4.247  -4.247  -4.247  -4.233  -4.194  -4.134  -4.050  -3.947  -3.831  -3.699  -3.559  -3.410  -3.256  -3.101  -2.942  -2.785  -2.630  -2.476  -2.327  -2.182  -2.041  -1.905  -1.772  -1.642  -1.515  -1.389  -1.265  -1.143  -1.020  -0.899  -0.780  -0.664  -0.551  -0.445  -0.347  -0.255  -0.170  -0.093  -0.020   0.049   0.114   0.178   0.241   0.303   0.366   0.430   0.490   0.490   0.490   0.490   0.490   0.490   0.490   0.490   0.490   0.490   0.490   0.490   0.490   0.490   0.490   0.490   0.490   0.490   0.490   0.490   0.490   0.490   0.490   0.490   0.490   0.490
   3.800  -4.247  -4.247  -4.247  -4.247  -4.247  -4.247  -4.247  -4.247  -4.247  -4.247  -4.247  -4.247  -4.247  -4.247  -4.247  -4.247  -4.246  -4.221  -4.174  -4.105  -4.013  -3.906  -3.783  -3.647  -3.504  -3.353  -3.198  -3.041  -2.883  -2.727  -2.571  -2.420  -2.272  -2.129  -1.990  -1.855  -1.723  -1.594  -1.468  -1.343  -1.219  -1.097  -0.975  -0.854  -0.736  -0.621  -0.510  -0.407  -0.311  -0.222  -0.140  -0.065   0.006   0.074   0.138   0.202   0.264   0.326   0.390   0.454   0.490   0.490   0.490   0.490   0.490   0.490   0.490   0.490   0.490   0.490   0.490   0.490   0.490   0.490   0.490   0.490   0.490   0.490   0.490   0.490   0.490   0.490   0.490   0.490   0.490   0.490
   3.825  -4.247  -4.247  -4.247  -4.247  -4.247  -4.247  -4.247  -4.247  -4.247  -4.247  -4.247  -4.247  -4.247  -4.247  -4.247  -4.247  -4.239  -4.206  -4.151  -4.073  -3.974  -3.862  -3.733  -3.595  -3.448  -3.295  -3.140  -2.982  -2.825  -2.668  -2.514  -2.364  -2.218  -2.076  -1.939  -1.805  -1.674  -1.547  -1.421  -1.296  -1.173  -1.051  -0.929  -0.810  -0.693  -0.579  -0.471  -0.371  -0.277  -0.190  -0.111  -0.038   0.032   0.098   0.162   0.226   0.287   0.350   0.414   0.479   0.490   0.490   0.490   0.490   0.490   0.490   0.490   0.490   0.490   0.490   0.490   0.490   0.490   0.490   0.490   0.490   0.490   0.490   0.490   0.490   0.490   0.490   0.490   0.490   0.490   0.490
   3.850  -4.247  -4.247  -4.247  -4.247  -4.247  -4.247  -4.247  -4.247  -4.247  -4.247  -4.247  -4.247  -4.247  -4.247  -4.247  -4.247  -4.229  -4.188  -4.125  -4.038  -3.934  -3.815  -3.682  -3.541  -3.391  -3.237  -3.081  -2.923  -2.766  -2.610  -2.457  -2.309  -2.164  -2.024  -1.888  -1.756  -1.626  -1.499  -1.374  -1.250  -1.127  -1.005  -0.884  -0.766  -0.649  -0.537  -0.433  -0.335  -0.244  -0.160  -0.083  -0.011   0.057   0.122   0.186   0.249   0.311   0.374   0.438   0.490   0.490   0.490   0.490   0.490   0.490   0.490   0.490   0.490   0.490   0.490   0.490   0.490   0.490   0.490   0.490   0.490   0.490   0.490   0.490   0.490   0.490   0.490   0.490   0.490   0.490   0.490
   3.875  -4.247  -4.247  -4.247  -4.247  -4.247  -4.247  -4.247  -4.247  -4.247  -4.247  -4.247  -4.247  -4.247  -4.247  -4.247  -4.244  -4.216  -4.167  -4.095  -4.000  -3.891  -3.766  -3.630  -3.486  -3.333  -3.179  -3.022  -2.864  -2.707  -2.552  -2.401  -2.254  -2.111  -1.973  -1.838  -1.707  -1.578  -1.452  -1.327  -1.204  -1.081  -0.959  -0.839  -0.722  -0.607  -0.497  -0.395  -0.300  -0.211  -0.131  -0.056   0.015   0.082   0.146   0.210   0.272   0.334   0.398   0.463   0.490   0.490   0.490   0.490   0.490   0.490   0.490   0.490   0.490   0.490   0.490   0.490   0.490   0.490   0.490   0.490   0.490   0.490   0.490   0.490   0.490   0.490   0.490   0.490   0.490   0.490   0.490
   3.900  -4.247  -4.247  -4.247  -4.247  -4.247  -4.247  -4.247  -4.247  -4.247  -4.247  -4.247  -4.247  -4.247  -4.247  -4.247  -4.236  -4.200  -4.143  -4.061  -3.961  -3.846  -3.716  -3.577  -3.429  -3.275  -3.120  -2.962  -2.805  -2.649  -2.495  -2.346  -2.200  -2.059  -1.922  -1.789  -1.658  -1.531  -1.405  -1.281  -1.158  -1.036  -0.914  -0.795  -0.678  -0.565  -0.458  -0.359  -0.266  -0.180  -0.102  -0.029   0.041   0.106   0.171   0.233   0.295   0.358   0.422   0.487   0.490   0.490   0.490   0.490   0.490   0.490   0.490   0.490   0.490   0.490   0.490   0.490   0.490   0.490   0.490   0.490   0.490   0.490   0.490   0.490   0.490   0.490   0.490   0.490   0.490   0.490   0.490
   3.925  -4.247  -4.247  -4.247  -4.247  -4.247  -4.247  -4.247  -4.247  -4.247  -4.247  -4.247  -4.247  -4.247  -4.247  -4.247  -4.225  -4.181  -4.115  -4.026  -3.920  -3.799  -3.664  -3.523  -3.372  -3.218  -3.061  -2.903  -2.746  -2.591  -2.438  -2.291  -2.147  -2.007  -1.872  -1.739  -1.610  -1.484  -1.358  -1.235  -1.112  -0.990  -0.869  -0.751  -0.635  -0.524  -0.420  -0.323  -0.233  -0.150  -0.074  -0.002   0.066   0.130   0.194   0.256   0.319   0.382   0.446   0.490   0.490   0.490   0.490   0.490   0.490   0.490   0.490   0.490   0.490   0.490   0.490   0.490   0.490   0.490   0.490   0.490   0.490   0.490   0.490   0.490   0.490   0.490   0.490   0.490   0.490   0.490   0.490
   3.950  -4.247  -4.247  -4.247  -4.247  -4.247  -4.247  -4.247  -4.247  -4.247  -4.247  -4.247  -4.247  -4.247  -4.247  -4.242  -4.211  -4.159  -4.084  -3.988  -3.877  -3.750  -3.612  -3.467  -3.314  -3.159  -3.002  -2.844  -2.688  -2.533  -2.383  -2.236  -2.094  -1.956  -1.822  -1.690  -1.562  -1.436  -1.312  -1.188  -1.066  -0.944  -0.824  -0.707  -0.593  -0.484  -0.383  -0.288  -0.201  -0.121  -0.047   0.024   0.090   0.154   0.218   0.280   0.342   0.406   0.471   0.490   0.490   0.490   0.490   0.490   0.490   0.490   0.490   0.490   0.490   0.490   0.490   0.490   0.490   0.490   0.490   0.490   0.490   0.490   0.490   0.490   0.490   0.490   0.490   0.490   0.490   0.490   0.490
   3.975  -4.247  -4.247  -4.247  -4.247  -4.247  -4.247  -4.247  -4.247  -4.247  -4.247  -4.247  -4.247  -4.247  -4.247  -4.233  -4.194  -4.134  -4.050  -3.947  -3.831  -3.699  -3.559  -3.410  -3.256  -3.101  -2.942  -2.785  -2.630  -2.476  -2.327  -2.182  -2.041  -1.905  -1.772  -1.642  -1.515  -1.389  -1.265  -1.143  -1.020  -0.899  -0.780  -0.664  -0.551  -0.445  -0.347  -0.255  -0.170  -0.093  -0.020   0.049   0.114   0.178   0.241   0.303   0.366   0.430   0.490   0.490   0.490   0.490   0.490   0.490   0.490   0.490   0.490   0.490   0.490   0.490   0.490   0.490   0.490   0.490   0.490   0.490   0.490   0.490   0.490   0.490   0.490   0.490   0.490   0.490   0.490   0.490   0.490
   4.000  -4.247  -4.247  -4.247  -4.247  -4.247  -4.247  -4.247  -4.247  -4.247  -4.247  -4.247  -4.247  -4.247  -4.246  -4.221  -4.174  -4.105  -4.013  -3.906  -3.783  -3.647  -3.504  -3.353  -3.198  -3.041  -2.883  -2.727  -2.571  -2.420  -2.272  -2.129  -1.990  -1.855  -1.723  -1.594  -1.468  -1.343  -1.219  -1.097  -0.975  -0.854  -0.736  -0.621  -0.510  -0.407  -0.311  -0.222  -0.140  -0.065   0.006   0.074   0.138   0.202   0.264   0.326   0.390   0.454   0.490   0.490   0.490   0.490   0.490   0.490   0.490   0.490   0.490   0.490   0.490   0.490   0.490   0.490   0.490   0.490   0.490   0.490   0.490   0.490   0.490   0.490   0.490   0.490   0.490   0.490   0.490   0.490   0.490
   4.025  -4.247  -4.247  -4.247  -4.247  -4.247  -4.247  -4.247  -4.247  -4.247  -4.247  -4.247  -4.247  -4.247  -4.239  -4.206  -4.151  -4.073  -3.974  -3.862  -3.733  -3.595  -3.448  -3.295  -3.140  -2.982  -2.825  -2.668  -2.514  -2.364  -2.218  -2.076  -1.939  -1.805  -1.674  -1.547  -1.421  -1.296  -1.173  -1.051  -0.929  -0.810  -0.693  -0.579  -0.471  -0.371  -0.277  -0.190  -0.111  -0.038   0.032   0.098   0.162   0.226   0.287   0.350   0.414   0.479   0.490   0.490   0.490   0.490   0.490   0.490   0.490   0.490   0.490   0.490   0.490   0.490   0.490   0.490   0.490   0.490   0.490   0.490   0.490   0.490   0.490   0.490   0.490   0.490   0.490   0.490   0.490   0.490   0.490
   4.050  -4.247  -4.247  -4.247  -4.247  -4.247  -4.247  -4.247  -4.247  -4.247  -4.247  -4.247  -4.247  -4.247  -4.229  -4.188  -4.125  -4.038  -3.934  -3.815  -3.682  -3.541  -3.391  -3.237  -3.081  -2.923  -2.766  -2.610  -2.457  -2.309  -2.164  -2.024  -1.888  -1.756  -1.626  -1.499  -1.374  -1.250  -1.127  -1.005  -0.884  -0.766  -0.649  -0.537  -0.433  -0.335  -0.244  -0.160  -0.083  -0.011   0.057   0.122   0.186   0.249   0.311   0.374   0.438   0.490   0.490   0.490   0.490   0.490   0.490   0.490   0.490   0.490   0.490   0.490   0.490   0.490   0.490   0.490   0.490   0.490   0.490   0.490   0.490   0.490   0.490   0.490   0.490   0.490   0.490   0.490   0.490   0.490   0.490
   4.075  -4.247  -4.247  -4.247  -4.247  -4.247  -4.247  -4.247  -4.247  -4.247  -4.247  -4.247  -4.247  -4.244  -4.216  -4.167  -4.095  -4.000  -3.891  -3.766  -3.630  -3.486  -3.333  -3.179  -3.022  -2.864  -2.707  -2.552  -2.401  -2.254  -2.111  -1.973  -1.838  -1.707  -1.578  -1.452  -1.327  -1.204  -1.081  -0.959  -0.839  -0.722  -0.607  -0.497  -0.395  -0.300  -0.211  -0.131  -0.056   0.015   0.082   0.146   0.210   0.272   0.334   0.398   0.463   0.490   0.490   0.490   0.490   0.490   0.490   0.490   0.490   0.490   0.490   0.490   0.490   0.490   0.490   0.490   0.490   0.490   0.490   0.490   0.490   0.490   0.490   0.490   0.490   0.490   0.490   0.490   0.490   0.490   0.490
   4.100  -4.247  -4.247  -4.247  -4.247  -4.247  -4.247  -4.247  -4.247  -4.247  -4.247  -4.247  -4.247  -4.236  -4.200  -4.143  -4.061  -3.961  -3.846  -3.716  -3.577  -3.429  -3.275  -3.120  -2.962  -2.805  -2.649  -2.495  -2.346  -2.200  -2.059  -1.922  -1.789  -1.658  -1.531  -1.405  -1.281  -1.158  -1.036  -0.914  -0.795  -0.678  -0.565  -0.458  -0.359  -0.266  -0.180  -0.102  -0.029   0.041   0.106   0.171   0.233   0.295   0.358   0.422   0.487   0.490   0.490   0.490   0.490   0.490   0.490   0.490   0.490   0.490   0.490   0.490   0.490   0.490   0.490   0.490   0.490   0.490   0.490   0.490   0.490   0.490   0.490   0.490   0.490   0.490   0.490   0.490   0.490   0.490   0.490
   4.125  -4.247  -4.247  -4.247  -4.247  -4.247  -4.247  -4.247  -4.247  -4.247  -4.247  -4.247  -4.247  -4.225  -4.181  -4.115  -4.026  -3.920  -3.799  -3.664  -3.523  -3.372  -3.218  -3.061  -2.903  -2.746  -2.591  -2.438  -2.291  -2.147  -2.007  -1.872  -1.739  -1.610  -1.484  -1.358  -1.235  -1.112  -0.990  -0.869  -0.751  -0.635  -0.524  -0.420  -0.323  -0.233  -0.150  -0.074  -0.002   0.066   0.130   0.194   0.256   0.319   0.382   0.446   0.490   0.490   0.490   0.490   0.490   0.490   0.490   0.490   0.490   0.490   0.490   0.490   0.490   0.490   0.490   0.490   0.490   0.490   0.490   0.490   0.490   0.490   0.490   0.490   0.490   0.490   0.490   0.490   0.490   0.490   0.490
   4.150  -4.247  -4.247  -4.247  -4.247  -4.247  -4.247  -4.247  -4.247  -4.247  -4.247  -4.247  -4.242  -4.211  -4.159  -4.084  -3.988  -3.877  -3.750  -3.612  -3.467  -3.314  -3.159  -3.002  -2.844  -2.688  -2.533  -2.383  -2.236  -2.094  -1.956  -1.822  -1.690  -1.562  -1.436  -1.312  -1.188  -1.066  -0.944  -0.824  -0.707  -0.593  -0.484  -0.383  -0.288  -0.201  -0.121  -0.047   0.024   0.090   0.154   0.218   0.280   0.342   0.406   0.471   0.490   0.490   0.490   0.490   0.490   0.490   0.490   0.490   0.490   0.490   0.490   0.490   0.490   0.490   0.490   0.490   0.490   0.490   0.490   0.490   0.490   0.490   0.490   0.490   0.490   0.490   0.490   0.490   0.490   0.490   0.490
   4.175  -4.247  -4.247  -4.247  -4.247  -4.247  -4.247  -4.247  -4.247  -4.247  -4.247  -4.247  -4.233  -4.194  -4.134  -4.050  -3.947  -3.831  -3.699  -3.559  -3.410  -3.256  -3.101  -2.942  -2.785  -2.630  -2.476  -2.327  -2.182  -2.041  -1.905  -1.772  -1.642  -1.515  -1.389  -1.265  -1.143  -1.020  -0.899  -0.780  -0.664  -0.551  -0.445  -0.347  -0.255  -0.170  -0.093  -0.020   0.049   0.114   0.178   0.241   0.303   0.366   0.430   0.490   0.490   0.490   0.490   0.490   0.490   0.490   0.490   0.490   0.490   0.490   0.490   0.490   0.490   0.490   0.490   0.490   0.490   0.490   0.490   0.490   0.490   0.490   0.490   0.490   0.490   0.490   0.490   0.490   0.490   0.490   0.490
   4.200  -4.247  -4.247  -4.247  -4.247  -4.247  -4.247  -4.247  -4.247  -4.247  -4.247  -4.246  -4.221  -4.174  -4.105  -4.013  -3.906  -3.783  -3.647  -3.504  -3.353  -3.198  -3.041  -2.883  -2.727  -2.571  -2.420  -2.272  -2.129  -1.990  -1.855  -1.723  -1.594  -1.468  -1.343  -1.219  -1.097  -0.975  -0.854  -0.736  -0.621  -0.510  -0.407  -0.311  -0.222  -0.140  -0.065   0.006   0.074   0.138   0.202   0.264   0.326   0.390   0.454   0.490   0.490   0.490   0.490   0.490   0.490   0.490   0.490   0.490   0.490   0.490   0.490   0.490   0.490   0.490   0.490   0.490   0.490   0.490   0.490   0.490   0.490   0.490   0.490   0.490   0.490   0.490   0.490   0.490   0.490   0.490   0.490
   4.225  -4.247  -4.247  -4.247  -4.247  -4.247  -4.247  -4.247  -4.247  -4.247  -4.247  -4.239  -4.206  -4.151  -4.073  -3.974  -3.862  -3.733  -3.595  -3.448  -3.295  -3.140  -2.982  -2.825  -2.668  -2.514  -2.364  -2.218  -2.076  -1.939  -1.805  -1.674  -1.547  -1.421  -1.296  -1.173  -1.051  -0.929  -0.810  -0.693  -0.579  -0.471  -0.371  -0.277  -0.190  -0.111  -0.038   0.032   0.098   0.162   0.226   0.287   0.350   0.414   0.479   0.490   0.490   0.490   0.490   0.490   0.490   0.490   0.490   0.490   0.490   0.490   0.490   0.490   0.490   0.490   0.490   0.490   0.490   0.490   0.490   0.490   0.490   0.490   0.490   0.490   0.490   0.490   0.490   0.490   0.490   0.490   0.490
   4.250  -4.247  -4.247  -4.247  -4.247  -4.247  -4.247  -4.247  -4.247  -4.247  -4.247  -4.229  -4.188  -4.125  -4.038  -3.934  -3.815  -3.682  -3.541  -3.391  -3.237  -3.081  -2.923  -2.766  -2.610  -2.457  -2.309  -2.164  -2.024  -1.888  -1.756  -1.626  -1.499  -1.374  -1.250  -1.127  -1.005  -0.884  -0.766  -0.649  -0.537  -0.433  -0.335  -0.244  -0.160  -0.083  -0.011   0.057   0.122   0.186   0.249   0.311   0.374   0.438   0.490   0.490   0.490   0.490   0.490   0.490   0.490   0.490   0.490   0.490   0.490   0.490   0.490   0.490   0.490   0.490   0.490   0.490   0.490   0.490   0.490   0.490   0.490   0.490   0.490   0.490   0.490   0.490   0.490   0.490   0.490   0.490   0.490
   4.275  -4.247  -4.247  -4.247  -4.247  -4.247  -4.247  -4.247  -4.247  -4.247  -4.244  -4.216  -4.167  -4.095  -4.000  -3.891  -3.766  -3.630  -3.486  -3.333  -3.179  -3.022  -2.864  -2.707  -2.552  -2.401  -2.254  -2.111  -1.973  -1.838  -1.707  -1.578  -1.452  -1.327  -1.204  -1.081  -0.959  -0.839  -0.722  -0.607  -0.497  -0.395  -0.300  -0.211  -0.131  -0.056   0.015   0.082   0.146   0.210   0.272   0.334   0.398   0.463   0.490   0.490   0.490   0.490   0.490   0.490   0.490   0.490   0.490   0.490   0.490   0.490   0.490   0.490   0.490   0.490   0.490   0.490   0.490   0.490   0.490   0.490   0.490   0.490   0.490   0.490   0.490   0.490   0.490   0.490   0.490   0.490   0.490
   4.300  -4.247  -4.247  -4.247  -4.247  -4.247  -4.247  -4.247  -4.247  -4.247  -4.236  -4.200  -4.143  -4.061  -3.961  -3.846  -3.716  -3.577  -3.429  -3.275  -3.120  -2.962  -2.805  -2.649  -2.495  -2.346  -2.200  -2.059  -1.922  -1.789  -1.658  -1.531  -1.405  -1.281  -1.158  -1.036  -0.914  -0.795  -0.678  -0.565  -0.458  -0.359  -0.266  -0.180  -0.102  -0.029   0.041   0.106   0.171   0.233   0.295   0.358   0.422   0.487   0.490   0.490   0.490   0.490   0.490   0.490   0.490   0.490   0.490   0.490   0.490   0.490   0.490   0.490   0.490   0.490   0.490   0.490   0.490   0.490   0.490   0.490   0.490   0.490   0.490   0.490   0.490   0.490   0.490   0.490   0.490   0.490   0.490
   4.325  -4.247  -4.247  -4.247  -4.247  -4.247  -4.247  -4.247  -4.247  -4.247  -4.225  -4.181  -4.115  -4.026  -3.920  -3.799  -3.664  -3.523  -3.372  -3.218  -3.061  -2.903  -2.746  -2.591  -2.438  -2.291  -2.147  -2.007  -1.872  -1.739  -1.610  -1.484  -1.358  -1.235  -1.112  -0.990  -0.869  -0.751  -0.635  -0.524  -0.420  -0.323  -0.233  -0.150  -0.074  -0.002   0.066   0.130   0.194   0.256   0.319   0.382   0.446   0.490   0.490   0.490   0.490   0.490   0.490   0.490   0.490   0.490   0.490   0.490   0.490   0.490   0.490   0.490   0.490   0.490   0.490   0.490   0.490   0.490   0.490   0.490   0.490   0.490   0.490   0.490   0.490   0.490   0.490   0.490   0.490   0.490   0.490
   4.350  -4.247  -4.247  -4.247  -4.247  -4.247  -4.247  -4.247  -4.247  -4.242  -4.211  -4.159  -4.084  -3.988  -3.877  -3.750  -3.612  -3.467  -3.314  -3.159  -3.002  -2.844  -2.688  -2.533  -2.383  -2.236  -2.094  -1.956  -1.822  -1.690  -1.562  -1.436  -1.312  -1.188  -1.066  -0.944  -0.824  -0.707  -0.593  -0.484  -0.383  -0.288  -0.201  -0.121  -0.047   0.024   0.090   0.154   0.218   0.280   0.342   0.406   0.471   0.490   0.490   0.490   0.490   0.490   0.490   0.490   0.490   0.490   0.490   0.490   0.490   0.490   0.490   0.490   0.490   0.490   0.490   0.490   0.490   0.490   0.490   0.490   0.490   0.490   0.490   0.490   0.490   0.490   0.490   0.490   0.490   0.490   0.490
   4.375  -4.247  -4.247  -4.247  -4.247  -4.247  -4.247  -4.247  -4.247  -4.233  -4.194  -4.134  -4.050  -3.947  -3.831  -3.699  -3.559  -3.410  -3.256  -3.101  -2.942  -2.785  -2.630  -2.476  -2.327  -2.182  -2.041  -1.905  -1.772  -1.642  -1.515  -1.389  -1.265  -1.143  -1.020  -0.899  -0.780  -0.664  -0.551  -0.445  -0.347  -0.255  -0.170  -0.093  -0.020   0.049   0.114   0.178   0.241   0.303   0.366   0.430   0.490   0.490   0.490   0.490   0.490   0.490   0.490   0.490   0.490   0.490   0.490   0.490   0.490   0.490   0.490   0.490   0.490   0.490   0.490   0.490   0.490   0.490   0.490   0.490   0.490   0.490   0.490   0.490   0.490   0.490   0.490   0.490   0.490   0.490   0.490
   4.400  -4.247  -4.247  -4.247  -4.247  -4.247  -4.247  -4.247  -4.246  -4.221  -4.174  -4.105  -4.013  -3.906  -3.783  -3.647  -3.504  -3.353  -3.198  -3.041  -2.883  -2.727  -2.571  -2.420  -2.272  -2.129  -1.990  -1.855  -1.723  -1.594  -1.468  -1.343  -1.219  -1.097  -0.975  -0.854  -0.736  -0.621  -0.510  -0.407  -0.311  -0.222  -0.140  -0.065   0.006   0.074   0.138   0.202   0.264   0.326   0.390   0.454   0.490   0.490   0.490   0.490   0.490   0.490   0.490   0.490   0.490   0.490   0.490   0.490   0.490   0.490   0.490   0.490   0.490   0.490   0.490   0.490   0.490   0.490   0.490   0.490   0.490   0.490   0.490   0.490   0.490   0.490   0.490   0.490   0.490   0.490   0.490
   4.425  -4.247  -4.247  -4.247  -4.247  -4.247  -4.247  -4.247  -4.239  -4.206  -4.151  -4.073  -3.974  -3.862  -3.733  -3.595  -3.448  -3.295  -3.140  -2.982  -2.825  -2.668  -2.514  -2.364  -2.218  -2.076  -1.939  -1.805  -1.674  -1.547  -1.421  -1.296  -1.173  -1.051  -0.929  -0.810  -0.693  -0.579  -0.471  -0.371  -0.277  -0.190  -0.111  -0.038   0.032   0.098   0.162   0.226   0.287   0.350   0.414   0.479   0.490   0.490   0.490   0.490   0.490   0.490   0.490   0.490   0.490   0.490   0.490   0.490   0.490   0.490   0.490   0.490   0.490   0.490   0.490   0.490   0.490   0.490   0.490   0.490   0.490   0.490   0.490   0.490   0.490   0.490   0.490   0.490   0.490   0.490   0.490
   4.450  -4.247  -4.247  -4.247  -4.247  -4.247  -4.247  -4.247  -4.229  -4.188  -4.125  -4.038  -3.934  -3.815  -3.682  -3.541  -3.391  -3.237  -3.081  -2.923  -2.766  -2.610  -2.457  -2.309  -2.164  -2.024  -1.888  -1.756  -1.626  -1.499  -1.374  -1.250  -1.127  -1.005  -0.884  -0.766  -0.649  -0.537  -0.433  -0.335  -0.244  -0.160  -0.083  -0.011   0.057   0.122   0.186   0.249   0.311   0.374   0.438   0.490   0.490   0.490   0.490   0.490   0.490   0.490   0.490   0.490   0.490   0.490   0.490   0.490   0.490   0.490   0.490   0.490   0.490   0.490   0.490   0.490   0.490   0.490   0.490   0.490   0.490   0.490   0.490   0.490   0.490   0.490   0.490   0.490   0.490   0.490   0.490
   4.475  -4.247  -4.247  -4.247  -4.247  -4.247  -4.247  -4.244  -4.216  -4.167  -4.095  -4.000  -3.891  -3.766  -3.630  -3.486  -3.333  -3.179  -3.022  -2.864  -2.707  -2.552  -2.401  -2.254  -2.111  -1.973  -1.838  -1.707  -1.578  -1.452  -1.327  -1.204  -1.081  -0.959  -0.839  -0.722  -0.607  -0.497  -0.395  -0.300  -0.211  -0.131  -0.056   0.015   0.082   0.146   0.210   0.272   0.334   0.398   0.463   0.490   0.490   0.490   0.490   0.490   0.490   0.490   0.490   0.490   0.490   0.490   0.490   0.490   0.490   0.490   0.490   0.490   0.490   0.490   0.490   0.490   0.490   0.490   0.490   0.490   0.490   0.490   0.490   0.490   0.490   0.490   0.490   0.490   0.490   0.490   0.490
   4.500  -4.247  -4.247  -4.247  -4.247  -4.247  -4.247  -4.236  -4.200  -4.143  -4.061  -3.961  -3.846  -3.716  -3.577  -3.429  -3.275  -3.120  -2.962  -2.805  -2.649  -2.495  -2.346  -2.200  -2.059  -1.922  -1.789  -1.658  -1.531  -1.405  -1.281  -1.158  -1.036  -0.914  -0.795  -0.678  -0.565  -0.458  -0.359  -0.266  -0.180  -0.102  -0.029   0.041   0.106   0.171   0.233   0.295   0.358   0.422   0.487   0.490   0.490   0.490   0.490   0.490   0.490   0.490   0.490   0.490   0.490   0.490   0.490   0.490   0.490   0.490   0.490   0.490   0.490   0.490   0.490   0.490   0.490   0.490   0.490   0.490   0.490   0.490   0.490   0.490   0.490   0.490   0.490   0.490   0.490   0.490   0.490

